 1120
 1278
 1214
  853
   98
  618
  279
  719
  580
 1389
  680
  257
 1341
  454
 1343
  359
  304
  179
 1145
 1370
   27
   87
  631
  588
  461
 1307
 1198
  741
  841
 1272
  145
 1066
  703
  851
 1269
 1226
 1419
 1257
 1444
  929
  794
  184
 1256
   65
 1168
  671
  817
 1058
  316
  902
   75
 1206
  674
 1321
  865
 1133
  422
  884
  791
 1283
 1068
 1347
 1163
  705
  139
  230
  245
  923
  340
 1223
  441
  445
 1228
  487
  298
  596
  452
 1335
  827
 1201
  140
  885
  518
   17
  690
  325
 1169
  717
 1380
   46
 1248
  765
 1312
  698
  394
   30
  103
 1171
  863
  196
  847
  529
  559
 1093
  647
 1258
 1030
  130
  762
  424
 1447
  676
 1422
  927
 1007
  420
  758
 1110
  709
  428
 1353
  692
 1043
 1384
  993
  570
  916
  544
   31
  333
  535
  268
  984
  701
  699
  802
  289
  619
 1167
 1185
 1417
  258
   35
  595
 1009
 1288
  601
  215
  255
  497
 1438
  511
  657
  362
  553
 1266
  121
  967
  169
 1149
 1155
 1049
  804
  416
  620
  640
  740
 1439
  926
  390
  908
  493
  128
  500
 1328
  146
  387
  427
  209
  795
  614
 1031
 1305
 1050
    5
  630
  887
 1170
 1086
 1359
  668
  645
  912
 1160
  603
  526
  137
  913
 1361
  935
  212
 1330
  314
 1398
 1123
 1134
 1322
  981
  339
 1362
 1434
  310
 1406
  476
  937
 1355
 1274
 1075
  932
 1339
  104
 1276
 1131
 1006
  227
 1152
  236
  361
  495
 1399
  582
 1040
  251
   18
 1045
  516
  147
  381
 1016
  411
  261
  217
  527
 1246
  368
  803
  711
  731
 1262
  632
  347
 1108
 1027
  488
 1352
 1156
  548
   49
 1004
  882
 1064
 1231
  822
 1367
  188
 1164
 1249
  150
  626
  519
   60
  776
  577
   81
 1173
  918
  876
  273
  809
 1310
    2
 1316
 1326
  246
   74
 1443
  857
  953
   55
  274
  751
  777
  944
  397
  250
  283
 1073
  374
  757
  108
  905
  830
  879
   71
  964
  975
 1132
  764
  238
  166
  780
  930
  662
  820
  687
  326
  838
 1002
  356
  288
  294
  649
  892
  263
 1111
 1215
 1179
 1008
 1218
 1364
  988
  899
 1136
  532
 1166
 1291
  742
   67
 1113
 1029
  307
  364
  815
  247
  664
  303
  746
  845
 1117
  563
 1224
  621
  508
   53
 1284
  118
  810
   57
 1098
  465
 1243
  264
  786
 1135
 1376
  218
 1428
  320
 1337
 1033
  685
   43
 1318
  485
 1015
 1289
  951
  907
 1144
  784
    1
  594
  448
  344
  174
 1340
    9
  623
 1333
  398
  259
  893
 1402
   70
  606
 1213
 1448
 1005
  185
  678
  832
  725
  305
  593
 1251
  875
  446
 1311
  111
  206
 1046
  293
 1158
  183
  267
   76
 1205
 1239
 1446
 1048
   93
  700
  233
  369
  667
 1112
  430
 1077
  249
  592
  226
 1372
  910
  567
  524
  792
  192
  673
 1308
 1346
  797
  837
  710
  343
  102
  502
  276
  766
  167
  848
  904
  807
  509
  393
  976
   77
  449
 1019
 1415
 1360
 1105
  216
  855
  456
  440
 1023
 1332
   85
  442
   40
 1041
  889
  176
  317
  355
   19
  565
   28
  492
 1080
 1037
 1193
   66
  472
   94
  697
  191
 1107
  127
  732
 1054
 1313
  635
 1083
  395
  309
  752
  585
  900
   34
 1298
  312
  597
  523
 1397
  388
  285
  995
 1437
  568
  501
  663
  241
 1325
 1106
  864
  517
 1418
  605
  418
 1401
  219
  291
  201
  608
  415
 1435
  748
  829
  689
 1267
  914
  917
  447
   64
 1101
   58
 1034
   39
  160
  921
 1003
 1104
 1044
 1275
  106
 1414
  332
 1314
 1076
 1128
  220
 1250
  724
  833
  572
  208
  235
  199
  154
  149
  589
  470
  367
 1379
  898
  773
  949
  221
  844
  653
 1317
 1254
  878
 1295
 1065
  963
 1277
  945
 1115
  198
  612
 1190
  248
 1427
  280
  372
  849
   99
 1252
 1060
 1000
  996
  808
 1059
  396
  158
 1174
  909
 1260
 1235
  186
   21
 1421
 1096
 1426
  555
  873
  498
  203
  110
  306
   33
 1244
 1350
  515
  639
  135
  591
  958
  681
 1199
 1241
  736
 1147
   15
 1265
  946
  115
  679
  421
  350
  539
  859
  922
  821
  119
  886
  583
 1036
  286
  566
 1063
  924
 1118
   24
 1180
 1139
  835
  896
  180
  901
  661
  994
   54
  609
  602
  341
 1407
 1211
  694
  213
  254
  540
   72
  200
 1150
  132
  720
  405
  622
  408
 1020
  586
  556
  704
  836
  880
  638
  434
  260
 1188
 1162
 1371
 1320
  966
 1082
  961
  228
 1433
 1234
  734
  629
 1142
  616
 1263
 1130
  778
 1204
  938
  787
   61
  656
  462
 1368
  986
  562
  507
 1039
  636
  101
  650
   96
  574
 1187
  483
  970
  990
   23
 1184
  337
 1366
  475
 1351
  278
  335
  936
  311
  814
 1268
  648
 1336
  768
  437
 1038
 1103
  670
  941
  152
  728
  321
  404
  392
  223
  969
 1192
  351
   56
  811
  575
  599
  193
  906
  871
   83
   38
  513
 1290
  423
 1195
 1236
   79
 1373
 1303
 1430
  512
  366
 1089
 1216
  888
  295
  546
  327
  197
  382
   86
  400
 1119
  730
 1233
 1304
 1176
  499
 1090
  277
 1194
  779
  999
  177
   59
 1100
  561
  696
  925
  352
  895
 1052
  412
 1219
  702
  911
  834
  972
  486
  550
  467
  287
  530
 1306
  869
  503
  178
  438
    0
  939
  494
  491
    7
 1154
  450
  874
  338
  481
 1338
 1285
  856
  868
  707
  813
 1191
  604
 1022
  138
 1138
   50
  436
 1436
  877
   37
    3
  410
  770
  451
  979
  706
 1021
  144
  468
  788
 1411
 1369
  973
  759
  386
  942
  469
  991
  714
   41
 1329
 1129
 1416
 1125
  402
  798
  763
  883
  862
  660
 1390
 1319
  231
 1182
  385
 1237
 1230
   69
  308
   63
  943
 1047
  669
 1051
   10
  126
  989
  522
 1334
  799
 1227
  334
  617
  998
  971
  684
 1286
 1387
  957
 1084
  357
  654
   88
  666
  399
  744
  431
  934
 1055
 1028
 1042
 1081
 1404
 1127
  292
  980
  722
  940
 1445
  974
   11
  123
  141
 1301
  790
   14
 1273
  173
  473
 1094
  560
 1279
 1116
 1383
  870
 1153
  564
  417
 1281
 1356
  162
  262
 1423
  170
  453
  331
  143
 1400
  866
  195
  965
  403
 1097
 1035
  733
  414
  571
  542
 1085
  457
 1025
  148
  543
 1261
  646
  789
  299
  282
  665
  159
   78
  739
 1056
  244
  322
  210
  242
   20
 1315
   68
  514
  642
  658
  806
  839
  439
  950
  365
  426
  598
  881
  459
  464
  172
  122
 1122
  756
  346
  243
  252
  581
  510
 1151
   32
 1172
 1377
 1069
  136
  672
  726
  872
  444
 1264
  713
  785
 1357
  928
  194
  161
  627
  384
 1242
  775
  987
 1374
  534
 1148
  823
 1013
  831
  131
  677
  142
    8
 1441
  429
   91
 1143
 1442
 1109
  425
  105
  985
  528
  691
 1210
  202
  760
 1200
 1270
 1378
 1212
  729
  693
  749
  897
  933
   48
 1392
   45
  269
 1026
  781
 1061
   16
  920
  300
  992
  301
  379
 1391
  716
  234
 1159
  683
  793
  860
 1165
  861
  968
  505
  651
 1091
   82
 1126
 1017
 1425
 1324
  134
  266
  471
  624
 1078
  549
  840
 1282
  413
  723
  686
  407
   73
 1299
 1161
 1014
 1175
  207
  205
  727
 1253
 1363
  406
  584
 1001
  358
  477
  541
 1102
  329
  538
  721
  537
 1342
  956
  774
  270
  211
  753
 1395
  952
  607
  107
 1247
  735
 1071
  628
  189
   97
  982
  496
 1203
  637
 1323
 1140
  625
  634
  983
  302
  613
  463
 1375
  800
  818
  190
    6
 1296
  284
  182
  318
  997
  819
  954
 1177
  533
  590
  547
 1365
   62
  557
 1271
  290
  163
 1424
 1412
  401
   44
 1124
  225
 1420
 1431
  315
  977
   52
   25
  796
 1293
  769
  919
 1393
 1388
  545
  120
  377
 1024
 1092
 1385
   26
  554
  129
  336
 1208
  474
  265
   29
 1229
 1410
   92
 1408
 1238
  641
  615
 1403
  525
   22
  466
   80
 1222
  767
  237
  812
  576
  458
 1220
 1062
  955
  383
 1141
  846
 1197
  573
   95
 1255
  155
 1348
   51
  531
  125
  551
  643
  239
  116
  348
  782
  891
  750
  349
 1432
  187
  695
  826
  682
  297
 1386
  858
  214
  783
 1259
 1345
  824
  801
  490
 1297
  828
  256
   42
  504
  229
  688
 1067
  843
 1344
   89
 1196
  675
  353
 1012
  610
 1240
 1405
 1178
  578
  655
  371
  157
  113
  506
  962
  712
  747
   90
 1087
  240
  536
  718
  850
  611
  600
  354
  947
  455
  370
 1018
  771
 1070
  114
  204
  520
 1440
  931
 1217
  253
 1074
 1181
  224
 1429
  324
  460
 1232
  281
 1202
  181
  363
  715
 1157
 1309
  805
 1413
 1057
  272
  852
  345
  432
 1099
  738
 1396
  960
  171
 1300
  633
 1011
   84
   36
 1331
  894
 1010
  271
  389
  579
   12
  232
    4
  380
  330
   13
  328
  915
 1358
 1121
  644
  480
  479
 1209
  435
  558
 1095
  109
  153
  376
  890
 1079
  175
 1409
  552
  484
  373
 1088
 1294
  478
  164
  313
  156
 1354
 1327
  854
  443
 1381
 1189
  652
  842
  825
  569
 1137
   47
  100
  165
  737
  222
 1183
 1032
 1292
  587
  112
  342
  151
 1072
  708
 1349
 1146
  754
  867
 1394
  816
  948
  319
  755
  659
  378
 1114
  743
  360
  761
  978
 1207
  433
  375
 1225
  296
  903
  489
 1287
  323
  419
  409
 1186
 1302
 1245
  117
  275
  772
  482
  959
 1382
  745
  391
 1053
  133
  521
 1280
  168
  124
 1221
