 1415
 1110
  471
  784
   95
  522
 1106
 1712
 1252
  937
 1310
  944
  960
 1315
  953
  857
  414
 1213
  823
 1803
  699
 1172
   48
  813
 1793
  832
 1024
  664
   35
  987
 1582
  172
 1795
  218
  723
  685
 1447
 1525
  547
  132
  387
 1574
 1369
   36
 1683
  746
  761
  641
 1253
 1034
 1430
 1428
   55
 1779
  326
  355
  827
 1306
 1562
 1505
  780
 1010
  267
 1561
  539
  565
   56
 1752
 1459
 1052
 1860
 1334
 1443
 1222
 1345
 1325
 1194
  775
  178
 1483
  604
  428
   44
  605
  277
 1729
 1125
 1343
 1078
  920
 1407
  323
  834
 1663
 1780
 1552
  643
  667
 1268
  850
 1478
 1555
  208
  365
  865
 1149
  636
 1713
 1629
 1390
 1239
   52
 1537
  936
  116
 1108
  362
  376
 1799
  262
  838
 1805
  528
   90
  104
 1398
  602
 1497
 1291
 1854
 1289
 1571
 1744
 1267
 1328
 1475
  508
  424
  658
  486
 1707
  656
  772
 1117
  616
 1264
 1810
 1096
 1412
  454
  810
  268
  873
 1367
  843
  935
 1413
  261
  613
  963
  514
 1045
  986
   92
  973
  674
  156
 1056
 1166
 1622
  668
 1157
 1283
  433
 1612
 1658
  457
 1182
 1259
 1319
  430
  301
 1228
 1245
 1721
   97
 1544
 1540
 1655
 1797
  795
 1181
  529
  142
 1004
  447
 1141
 1692
 1202
  437
  300
 1815
  793
 1862
  173
  452
  256
 1311
  297
  191
  635
 1388
  714
  101
 1764
 1530
  755
 1262
 1576
 1362
 1003
  538
 1358
 1578
  444
 1539
 1037
 1773
  914
  161
  317
 1702
  930
 1822
 1615
  242
  840
  796
 1837
  264
 1841
 1198
 1498
 1521
 1767
  505
   73
  711
  463
  369
  373
  713
 1452
 1809
  346
 1614
  475
  140
 1195
 1482
  500
  806
 1605
 1599
 1484
  110
 1065
   12
 1684
 1514
  207
  715
  849
  115
  461
  394
 1738
  862
 1155
  792
  797
  147
  543
 1354
 1271
 1301
  194
  152
  507
 1274
  735
 1549
 1033
 1375
  607
  197
 1637
 1584
  279
 1589
 1217
 1229
   62
 1409
 1104
  905
  481
 1695
 1064
   63
 1583
  118
 1103
  894
  707
 1851
  904
 1012
  869
  453
  688
 1277
 1737
  290
 1113
  401
   34
  260
  924
 1339
 1035
  808
  673
  826
  519
 1559
 1427
  618
 1381
 1782
 1124
 1706
  413
  774
  310
  498
 1535
  900
 1554
  582
 1062
 1838
 1694
 1414
  719
  367
 1057
 1654
  988
  159
 1120
  125
 1286
  342
 1269
  833
 1169
  831
 1378
  291
  902
  767
 1237
   11
 1387
  781
  144
  205
 1348
  269
 1246
 1233
 1265
  107
  112
 1724
  412
 1828
  299
  950
 1812
  663
  932
 1662
  402
 1304
  776
  164
  179
  682
 1278
 1801
 1723
 1852
  484
 1061
 1704
  860
  135
   19
 1206
  210
 1531
  814
  877
 1347
 1380
 1130
  531
  186
  388
 1144
 1025
  243
  525
  584
  742
  488
  700
  787
  962
  440
 1850
  174
 1639
 1395
 1533
  466
  348
  830
   28
 1436
  502
 1401
  662
  381
  350
  540
  255
 1275
  785
  283
 1722
 1621
 1342
 1338
   51
 1123
  416
  897
 1613
 1446
  807
 1019
 1486
 1337
 1081
  552
 1111
  769
  553
  858
  474
 1137
  229
 1006
  599
  836
  120
 1648
 1635
 1073
 1454
 1031
  523
  544
  333
  966
 1346
  702
   98
 1114
 1769
  561
  693
  738
  896
  550
  608
  687
 1740
   89
  467
  815
  917
  306
  676
 1026
 1336
 1788
  313
 1523
 1150
  477
  154
  422
 1680
 1176
 1250
 1550
 1818
 1457
  689
 1135
 1479
 1355
 1159
  245
  535
  591
 1090
  555
  594
  679
  581
  534
 1353
  497
  157
  861
   66
 1036
 1474
 1677
  122
 1808
  921
 1755
 1001
  708
  526
 1040
  513
 1226
 1190
 1630
  195
  915
  684
 1835
 1161
  219
  278
 1624
 1674
  782
 1849
 1753
  518
 1650
 1781
  947
  126
  318
  237
   82
  692
 1595
  366
 1543
 1318
 1187
 1196
 1665
  287
 1063
 1489
  263
  425
 1418
 1055
   42
  628
  371
 1279
 1844
 1041
  647
  349
   79
  880
 1472
   81
 1072
 1013
  464
 1719
 1417
 1516
  908
 1060
   80
  199
   14
  201
 1628
  818
  863
 1652
 1627
 1811
   32
 1085
  887
 1046
  621
 1687
 1588
  759
  593
 1817
  992
 1476
  357
 1151
  961
 1840
 1814
 1466
  230
  957
  441
 1403
   83
  215
  449
 1340
  954
  756
  671
 1258
  576
   99
  802
 1821
  266
 1445
 1349
  910
  598
  432
 1468
  734
  265
  254
 1022
  997
  575
  548
   70
  436
  799
 1499
 1132
  391
  741
  418
  293
  881
 1492
 1572
 1547
 1015
  649
 1563
  153
  200
  124
 1603
  426
  273
  527
 1825
 1541
  990
 1008
   76
 1363
 1710
  188
 1439
 1617
  141
 1280
 1727
 1438
  677
  192
  460
  170
 1128
 1002
 1188
 1392
 1007
 1556
 1566
  824
 1146
  311
  965
 1726
  308
 1568
  385
  853
 1444
  994
  327
 1287
  419
  427
  805
 1774
  137
  400
 1247
 1397
 1119
  970
  606
 1294
 1359
  189
  574
  102
   30
 1126
    5
 1512
 1580
  353
  487
  748
 1186
  499
  446
 1829
  704
  334
 1098
  845
  809
 1675
  859
  345
  421
  410
   84
  128
   37
  655
 1597
 1112
   41
  392
  187
   25
  856
 1399
 1673
  496
  603
 1385
  789
 1453
 1255
  573
 1379
 1298
  589
  620
  103
  718
  982
  383
 1596
  983
 1329
 1424
 1374
 1284
  765
  238
  650
    4
 1323
 1173
  479
   45
  217
 1747
  145
 1725
 1257
  168
  639
 1616
 1757
   24
 1437
 1426
 1632
 1127
  964
  406
  530
  652
  949
   22
 1496
 1142
  185
  456
  596
 1164
 1396
 1365
 1481
 1145
 1602
 1372
 1095
 1513
 1270
 1200
  180
 1461
  150
 1116
 1604
 1402
  622
  501
  892
  364
   16
 1316
 1147
  733
  143
 1261
  588
  909
  325
 1485
  341
 1733
   17
 1240
  638
  276
 1088
  206
  681
  870
   85
 1460
 1083
  634
 1510
 1408
  382
 1759
 1384
 1495
 1018
   59
  213
   94
  551
 1528
  559
  455
 1297
  220
 1657
  503
 1716
 1192
  569
   88
 1776
 1594
 1314
 1214
 1216
  923
  586
  967
  592
   61
  435
 1490
   20
  160
 1049
  343
 1798
 1405
  492
  246
  701
 1212
 1786
  324
 1069
 1102
  292
  660
  171
  800
  374
 1831
 1488
  329
  683
  511
  320
 1668
  633
 1138
 1121
  354
 1508
  390
  272
  956
  227
  225
  248
 1536
  494
 1029
 1511
  480
   64
  968
 1109
  114
  868
 1406
 1160
 1473
  244
    2
   40
  697
 1861
  223
  169
  259
  181
 1292
  572
  105
  448
 1133
  786
   87
 1420
  600
  489
 1517
  981
 1832
 1610
  298
  158
  204
 1778
 1501
  993
  899
  567
  610
 1789
 1307
 1068
  979
  119
  239
 1183
  127
 1848
 1230
  541
  465
 1296
  231
 1785
  247
 1717
 1162
  999
  167
 1701
 1016
 1053
  627
  884
  612
  749
 1845
  241
   29
 1434
 1515
 1766
  270
 1519
  546
  783
  747
 1565
 1626
  852
   39
  977
 1205
  958
  906
  907
 1331
  577
  517
  476
 1391
  533
  630
 1332
  657
 1000
 1686
  773
 1020
   74
 1847
 1080
 1608
 1645
 1714
 1720
 1678
 1243
  568
  163
 1532
 1435
 1463
  252
  216
  617
 1542
  411
  536
 1017
 1462
  750
  138
  304
 1518
  429
 1139
 1739
  109
 1503
 1122
 1763
  890
   86
 1585
  754
 1741
 1082
  771
  812
 1361
    6
 1529
 1711
  841
  686
  240
 1099
  285
  439
  462
 1465
 1092
 1263
 1647
 1834
  929
 1842
 1185
  250
 1553
 1058
  739
  556
 1689
  736
  653
  470
  295
 1600
 1480
 1376
  879
 1256
  940
 1341
  282
 1618
  315
 1184
  380
  984
  438
  922
  854
 1730
    9
  537
 1560
 1601
  314
 1193
  379
   38
  409
  644
  665
 1646
  491
 1425
  825
 1105
  651
  579
  280
 1643
 1309
 1816
  368
  842
 1368
  504
  386
 1027
 1051
 1442
 1526
  876
 1032
 1386
  309
  927
 1664
 1248
 1305
  434
  372
  891
  804
  846
  885
 1322
 1775
  399
  717
 1651
  989
  236
  980
  182
  510
 1201
 1208
  557
  133
  822
 1300
  570
  136
  358
  828
 1467
 1167
 1335
 1005
 1770
  100
 1819
  991
 1070
 1165
 1241
 1324
 1224
  948
  721
 1700
 1681
  974
  336
  532
  919
 1326
  938
 1756
  672
  722
 1303
   21
 1607
  563
 1669
  995
 1288
  654
 1464
  757
  166
 1059
 1107
  811
 1575
  946
  816
   43
 1791
 1168
 1232
  952
  294
  934
 1221
  196
 1592
  996
  258
  646
 1416
  420
  615
  895
  726
  302
 1534
 1327
  209
 1076
  271
 1590
 1640
  274
 1754
  352
 1234
  777
   68
  959
 1210
 1140
  319
  483
  360
 1784
    8
 1423
 1557
  578
  955
 1074
  867
  971
  521
 1377
 1215
  450
  745
  790
 1440
 1091
 1050
 1136
 1154
 1748
 1373
  770
 1351
 1708
  631
   50
 1591
  851
  469
  675
  912
  222
 1807
 1735
  108
 1768
  706
  512
  338
 1079
 1097
 1691
  378
  542
  690
  384
  942
 1502
 1736
 1302
  844
   46
  976
   69
  705
  296
  351
  696
 1796
 1685
  151
 1620
  257
 1449
 1688
 1179
  396
 1749
   13
 1021
 1313
  149
 1709
 1636
  587
  939
 1044
 1084
 1743
 1174
 1211
 1371
  495
  190
 1038
 1231
  583
   72
 1118
 1282
 1734
 1352
  678
  554
 1843
 1207
 1522
 1251
  184
  404
 1134
  609
   96
  727
 1504
 1820
  764
 1290
  275
 1218
 1299
 1863
 1293
  359
  558
 1152
 1295
  580
 1672
  403
 1171
  720
 1649
 1170
  228
  878
 1360
 1836
  233
  564
  549
  893
  872
 1087
 1790
 1787
   47
  131
 1448
  221
   77
  249
  691
 1191
 1203
 1577
 1824
 1281
  695
   27
 1509
  193
 1011
 1792
  903
  913
 1783
   67
 1772
    1
  451
 1451
  760
 1404
  670
 1156
  712
  744
  331
 1356
  289
  951
  251
  482
 1606
  335
  931
 1469
 1506
  493
 1746
  640
  875
 1094
  307
 1432
 1054
 1477
 1048
  520
  632
  340
  212
 1634
 1644
 1422
 1249
  175
  716
   18
 1042
  337
 1330
  363
  737
  642
  972
  710
   93
  321
  485
  253
 1394
 1507
  408
 1670
 1066
 1794
 1833
 1623
  165
 1859
  134
  423
 1393
  111
  768
 1177
  763
  347
 1715
  234
 1131
  794
 1858
 1075
  443
  659
  829
 1581
 1086
  130
  941
  407
 1524
  614
    7
 1030
  176
 1611
 1493
  874
 1693
 1619
 1638
  356
 1731
  819
   71
 1043
  442
  472
 1777
  515
  889
  148
  375
  916
  571
 1115
  729
  803
 1750
 1431
  601
  113
 1450
  969
  458
  788
 1321
  753
 1411
 1101
  468
   10
  817
 1857
 1028
  121
 1357
 1344
  798
 1856
 1039
   54
 1631
  871
  445
 1491
 1642
  762
 1419
 1320
 1421
  725
  928
  839
 1487
  911
  619
 1014
  998
  740
  202
    3
 1682
   57
  232
  398
  415
 1236
 1567
  155
 1204
  183
 1178
 1227
   15
  214
 1653
  281
 1175
  694
  516
 1853
  778
  611
  728
 1771
 1197
  978
 1732
 1609
 1242
  459
 1260
 1548
 1470
  585
 1220
  106
  866
  560
 1661
  724
  835
 1223
 1598
 1579
  821
   31
  926
 1143
  623
 1429
 1538
 1698
 1366
   26
 1180
 1254
 1093
 1158
  743
  855
  473
 1751
 1823
 1225
  864
 1266
 1656
 1758
  837
 1551
  883
  235
 1545
 1244
  524
 1071
 1745
 1800
  629
 1742
 1148
  288
 1813
 1703
  198
 1433
  791
 1273
   75
 1023
  595
 1830
 1009
  389
 1312
  597
 1762
 1699
 1855
  901
  975
 1546
   58
  316
 1400
  886
  393
 1633
 1667
  566
  162
  945
  758
 1089
   49
 1458
  925
  332
  709
 1587
  820
  146
 1760
 1389
  417
  730
  305
 1350
  177
 1153
  545
 1625
  139
  661
  370
 1676
 1705
 1364
 1864
 1697
  211
  918
   91
  624
   53
  328
 1500
  344
   23
 1679
 1593
   60
  284
  117
  626
   78
 1410
 1276
 1641
 1826
 1272
  562
 1718
  698
 1235
  625
  405
   65
 1441
 1317
 1666
  322
 1100
  339
 1570
  882
  312
 1455
  361
  985
  303
 1827
  666
 1209
  129
 1219
 1728
  703
   33
 1238
  123
 1690
  645
 1047
 1456
 1163
 1586
  752
 1802
  943
  801
 1308
 1129
  509
 1804
 1494
 1765
  224
  766
 1696
  732
 1382
  751
 1067
  847
  648
  680
  888
 1383
  637
 1761
 1839
 1569
  490
  590
  377
  226
  478
    0
  669
 1333
  286
 1564
  395
  431
 1189
  397
 1558
 1573
 1660
 1520
 1846
 1806
 1199
  203
  933
 1471
  731
 1370
 1285
  848
  898
  330
 1671
 1527
 1659
  779
 1077
  506
