  399
 1577
 1652
 2082
 1314
 1302
  525
 1401
  939
 1838
  579
 1121
  548
 1667
 1965
 2033
  610
 1203
 2056
  835
 1117
 2035
  208
  230
 1979
  675
 1393
  747
 1406
 1103
 1795
  861
  499
 1271
  447
  802
 1886
  849
 1575
 1616
  875
   78
 1836
 1004
  812
  443
  638
  277
  260
 1192
   95
  662
 2113
 1737
 1593
 1892
  219
 1679
  439
 2109
 2040
  191
 1102
 1784
  410
 1625
 1426
 1547
 2111
 1190
  437
  311
 1637
  550
 1967
  372
  996
 1248
  982
  282
  140
  667
  175
 1006
 1114
 1040
  479
  307
  552
  391
 1845
 1970
   77
  766
 1275
  396
  893
  679
 1608
  190
  953
  167
 1803
  961
 1522
 1299
 1841
  472
 1755
  887
 1080
 1371
 1252
  584
  506
  461
  564
 1031
 1334
  955
  609
 1461
  685
 1172
  701
 1897
 1354
 1956
  611
  570
  632
  588
  694
 1899
   21
 1852
   22
 1651
 1242
 1630
 1638
  467
 1476
 1131
 1559
 1256
 2036
 1376
 1953
  901
  206
 1126
  781
 1736
  770
 1206
 1927
  651
  516
 1732
 1129
 1828
  967
  400
   26
 1038
 1946
 1244
  691
 1105
 1017
  119
  103
  353
 1806
  152
 1047
  488
  844
  267
 1815
  446
 1695
  150
  591
 2116
  309
 1065
  783
  639
  736
  826
 1002
  671
  412
 1954
 2038
 1928
 1193
 1253
  339
 1989
  217
 1639
  370
  284
  631
  778
 1380
 1184
  291
  935
 1501
 1216
   94
 1626
  139
  721
  418
  138
  478
 1705
 1526
  128
 2010
 1349
  248
 1745
  113
 2068
 1847
  397
 1421
 1674
 1463
 1871
  432
  842
 2014
 2076
 1077
  527
 2107
 1119
  127
 1631
 1107
  295
 1308
 1678
 1950
 1079
 1889
  201
  414
  303
 1906
  773
  713
  452
 1539
 1723
 1576
  581
  706
  130
 1909
  544
 1279
 1091
   27
 2063
 1712
 1163
 2055
 2007
 1202
 1358
 1888
   73
  822
 1266
  988
  355
 1573
  561
 1454
 1074
   67
 1763
  384
 1383
  605
 1503
 1471
  972
   13
  834
 1783
  785
 1329
  239
 1179
 1850
  278
 1801
 2043
 1603
   20
  496
 1218
 1598
 1011
 1975
  235
 1561
 1527
  431
 1313
  502
  695
  563
  241
 1284
 1982
 1196
 1332
    0
  312
  890
  813
 1495
  945
  319
 1043
  209
 1729
 1738
 1305
  286
 1742
   93
  334
  347
  459
  356
  898
    8
  444
  367
 1062
  298
 1088
 1704
  493
 1022
  688
  974
  627
 1093
  465
  448
 1219
  793
  491
  562
  749
 2024
 1028
 1571
  729
 1524
 1460
 1750
  587
  703
  991
 1489
  365
  921
  872
 1663
 1419
  189
 1790
 1010
  484
 1239
 1342
  101
 1030
 1853
  776
  529
 1569
  269
 1874
 1309
 1717
  592
 1612
  751
 1402
  928
  633
 1238
  281
  430
  711
  557
  650
 1231
  389
 1924
 1167
  123
 1707
  664
 1748
 1714
 1092
 1564
  788
 1690
 1497
 1816
 1773
 1614
 1484
  907
 1757
 1868
  374
   25
 2045
  659
   28
  126
 2048
 1100
 2070
  158
 1826
  758
 1483
 1721
   57
 1115
 1247
  376
 1316
  348
  929
  602
 2101
 1335
 1767
   96
 1056
 2061
 1677
 1353
  796
 1519
 1531
  383
  860
 1395
 1317
  927
  750
 1053
 1825
 1764
  672
 1553
 1177
  438
 1207
 1835
 1067
 1814
 1512
   84
 1611
 1817
 1715
  524
  922
  176
 1596
  523
 2037
 1952
 2054
  203
  320
  833
  607
  490
 1789
 1233
 1072
  197
  500
 1692
  771
 1697
  629
  262
  683
 1505
 2103
 1689
 1675
 1280
  670
 2016
  211
 1418
  292
  371
  457
 2015
   64
  925
 1528
 1849
  513
 1869
  851
 1875
   74
  964
  274
  689
 2079
  306
  551
  352
  649
  931
 1158
 1375
 1259
  857
 1944
 1959
 1397
  819
  442
 1821
   60
 1264
  553
 1374
 1360
  385
 1386
  827
 1963
 1661
 1599
 1976
 1076
 1350
 1404
  501
  808
 1041
  360
  811
 1436
 2005
 1619
 1143
   87
 1722
 1781
 1499
  597
 1649
  900
 1054
 1968
  816
 1787
  757
  618
 1438
  336
  131
 1262
 1759
  983
  542
  558
 1878
 1369
 1541
 1362
 1084
  435
 1431
 1884
 1185
  657
  450
 1856
  273
 2117
  504
   17
 1070
 1798
 1260
  727
 1425
  794
  195
  738
 1818
 1586
 1641
 2025
 1355
  947
  765
 1735
  806
 1572
  648
 1225
    1
  787
 1133
  531
 1285
 1863
 1440
 1104
 1568
   89
  937
 1254
 1151
   81
  774
 1209
 1623
 1870
 1432
 1343
 1377
 1411
  904
   37
  541
 1731
  244
  614
 1306
   14
 1861
 2034
 1548
   59
  434
  121
 1948
  841
  613
 1294
  958
  259
 1141
 1964
 1412
  938
 1734
  122
 1139
  647
  476
 1144
  290
 1646
 1128
  720
  920
 1161
 1372
  572
 1336
 1413
  669
 2017
 1296
  760
 1895
 1776
  420
  368
 1135
 1901
 1854
 1632
 1020
  643
  943
 2019
 1458
 1051
  526
 2021
   31
  697
  324
 1582
 1860
  536
 1804
  966
  299
 1444
  196
 2086
  218
  712
 1187
 1654
  878
  764
 1511
 1340
  761
 1320
 1082
 2089
  263
  621
 1156
  615
 1315
 1323
  231
  358
  784
  908
  582
  782
 1390
 1060
  556
  340
 1777
 1494
 1330
 1420
 1867
  373
 1515
 2011
  653
 1842
  212
  578
  379
  177
 1189
 1934
  520
  173
 1428
  134
  874
 1832
  941
 1807
  601
  481
 1751
  169
  225
  909
 2091
 1672
 1224
  830
  462
  172
 1322
 1013
 1534
  977
  877
 1263
 1985
   54
 2003
  596
  453
  120
 1212
  952
 1039
 1966
 1933
 1373
 1657
  468
  863
  593
 1941
  886
 1157
  652
 1711
 1681
  779
  518
 1727
  707
   72
 1591
  752
   32
  612
  709
  351
  424
 1415
 1574
 1858
 1153
 1740
  268
  804
  492
  626
 1754
 1166
 1969
  406
  375
 1996
 1710
  724
 1644
  623
  976
 1687
 1866
 1840
  853
 1520
 1702
 1204
   12
 1708
 1451
 1597
  511
  969
  910
  510
 1230
 1837
 1563
   18
 1118
  204
  338
 1364
  429
  215
  118
  876
 1049
 1459
  798
 1267
 1453
 1311
  940
 1016
 1829
  342
 1007
 1210
 2087
  862
  759
  246
 2027
 1925
 1178
  745
  417
  856
 1409
 1351
  792
   33
  748
  193
  255
 1234
  805
  674
 1085
 1918
 2112
 1098
 1931
  577
 1733
  700
  864
 1791
 1843
  168
  843
  892
 1394
 1696
 1666
  678
 1018
 1064
 1268
  797
 1365
 1749
 1728
 1684
  387
  569
   56
 1400
 1694
  573
 1382
 1298
 1880
  100
  386
  725
  194
 1120
  817
  521
 1589
 2032
 1747
 1000
 1388
 1430
  460
 1291
  482
 1008
 1957
  728
  149
 1403
  980
  912
 2080
 1435
  708
 1312
 2064
 1198
 1399
  522
  576
 1636
 1893
  415
  762
    4
   98
  165
 1974
 1509
  846
 1235
 1485
 1514
  455
  161
  160
  382
 1903
 1137
 1904
  198
  716
  305
 2065
 1113
 1516
  959
 1274
 1986
 1164
 1772
   44
 1205
  616
  346
 2006
 1287
   45
  852
 1452
 1827
 2059
  989
  159
  997
 1148
 1930
 1195
  987
 1669
  238
 1908
 1810
 2066
  354
  888
  141
 1255
 1902
 1620
 1446
 1788
 1955
  848
 1601
  547
  247
 1414
   76
 1496
 1542
 2096
   63
 1700
 1551
 1609
  361
  179
 1109
  702
 2052
 1634
  642
 1281
 1913
  377
 1073
  942
  814
 1648
  742
 1802
 1510
 1688
 1468
 1864
 1604
 1813
  288
  902
 1917
 1464
  998
  137
 2071
  994
 1980
  107
 1387
  112
 2044
 1894
 1466
  791
 2093
 1283
  105
 1181
 1538
  918
  325
  405
  111
    6
 2084
 1613
  905
  866
  932
 1525
  469
  359
 1357
  636
  855
  746
 1173
 1108
 1046
 1769
   85
 1097
  740
 1140
   49
 1416
 1977
  110
 1993
  889
  951
  828
 2114
 1762
  402
 1552
  795
 1558
 1691
 1898
  236
  836
  705
 1240
  323
 1592
  741
  148
 1926
  350
 1540
 1943
 1127
 1915
  275
  344
  456
 2099
  147
 1920
 1236
 2100
  335
  754
 1325
 1587
 1805
  535
  730
 1848
  228
  271
   46
  296
 2088
 2029
 1973
  916
  677
 1811
 1258
 1427
 1635
 1232
  957
  314
 1533
  157
 1995
    5
 1584
 1855
  936
 2106
  182
  251
 1379
  660
 1273
  546
 1566
  505
  599
  975
  357
  343
  565
 1090
  156
 1249
 1087
  486
  403
 1477
 1506
 1991
 1078
  153
 1518
  253
  104
  606
  915
 1602
 1327
  923
  489
 1932
 1760
 2050
  538
  254
  216
 1578
  676
  780
 1872
 1713
 2102
  799
  586
 2004
  517
  229
  655
 1445
 1488
 2073
 1618
   41
    2
 1812
 2074
  594
  906
  891
 1999
   82
 1434
 1027
  328
 1724
  859
  698
  213
  865
 2039
 1058
 1243
 1972
 1642
  871
 2042
  949
 1389
  985
 1381
 1839
 1034
  188
 1701
  981
 1585
   65
  186
 1627
 1478
 2078
 1009
 1122
 1001
  692
 1042
 1214
 1565
 1465
  879
  656
  960
   66
 1417
 1130
  734
   38
 1270
   40
  815
 1887
 2051
  769
   43
  381
 1939
   62
   35
  654
  532
  854
 1241
 1269
  108
 1610
  950
 1555
 1744
 1746
 1391
 1521
  628
 1310
 1165
 1423
  772
 1123
  477
  272
 1029
   83
 1987
 1771
  428
  914
 1345
 1337
 2013
 2067
 1149
  714
 1768
   92
 1873
 1370
  242
 1437
  661
  568
 1718
 1865
  897
  297
 1883
  276
 1138
 1482
 1910
 2012
 1211
 1083
 1356
  933
 2098
  839
  807
  999
 1706
  166
  884
 1407
 1543
    9
 1384
  124
  464
  145
 1770
 1664
 1560
 2094
    3
  240
 1474
 1462
  995
  180
 1958
  289
 1472
  202
  433
 1220
  528
  252
 1199
  608
 1408
 1146
  226
 1877
  133
  416
 1960
  993
 2069
 1338
  146
  200
 1507
  220
  199
 1257
 1911
  637
 2115
  279
  719
  919
 2047
  163
  560
 1662
  733
 1929
 1990
 1470
  899
 1303
 1879
 1245
 1947
 1797
  978
 1716
  824
 1523
  117
 2108
    7
  580
 1550
  409
 1799
 1277
  687
 1481
 1347
  378
  883
  831
  509
 1580
  589
 1015
 1396
 1292
  825
  868
 1162
 1741
   16
  261
   86
 1951
 1378
 1682
  869
 1180
 1725
 2030
   15
  345
  494
  487
 1808
  519
  530
  539
  393
  445
  537
 1673
 1513
  129
   80
  723
  810
  789
 1155
 1289
  471
  731
  233
 1208
 1537
  540
  304
  214
 1785
   69
 1693
  686
 1914
  622
 1800
  735
  162
  151
  308
 1170
  164
   88
   68
 1075
  896
  349
 1197
 1680
 1036
 1588
  302
  285
 1922
  583
 1730
 1617
 1984
 1229
   71
  575
 1142
  882
 1536
  300
 2095
 1834
  534
   11
   42
  185
  604
 1318
 1595
 1186
  512
 1048
  362
  715
 1792
 1003
   36
 1658
 1145
 1099
  421
  809
  207
  125
 1823
  800
 1081
  321
  571
 1439
   30
  109
 1106
  620
  965
 2023
  903
 1532
  585
  171
 1441
 1756
 1739
  917
 1194
 1992
 1778
 1251
  265
 1907
 1857
  924
  366
 1475
  187
 1246
 1059
 1201
 1321
  566
  645
 1174
  777
 1628
   34
 1228
  454
  630
  395
 1116
 1643
 1297
  832
 1410
 1035
 1326
 1640
 1125
  944
  498
 1492
 1846
 1300
  380
  205
 1282
 1583
 2053
  644
  419
  624
 1775
  598
  224
 1685
  210
 2083
  408
 1168
  554
  474
  718
 1621
 1923
   19
 1363
 1276
  634
 1182
 1095
 1422
  979
 1607
 1188
 1089
 1765
  858
 1324
  388
  115
  485
 1921
 1319
  567
 2062
  483
 1111
 1052
 1066
  245
   24
  549
   61
  984
 1782
 1455
 1912
 1962
 1450
  174
 1304
  756
 1655
  221
 1398
 1606
  971
 1530
 1096
 1905
 1822
 1937
 1683
  401
 1134
  154
  743
  102
 1352
 1605
 1502
   50
  930
 2110
 1961
 1071
  234
 1851
  820
 1703
  322
 1491
 1217
 1998
   70
 2018
 1544
  911
 1110
 1796
 1447
 1026
  850
  223
  315
 1160
  411
 1916
  232
  753
  508
  237
  293
 2104
  873
 1344
  422
 1032
 1339
  106
 1622
  425
  369
 1290
 1044
  222
 1175
 2057
  970
  143
 1653
  665
  801
  690
 1033
 1272
  407
 1328
  635
  331
  818
  470
 1919
  673
 1348
 1624
  480
 1293
  559
   52
 1023
  829
 1831
 1341
 2000
  646
  739
 1331
 1152
 1479
  135
  183
   91
 1086
 1896
  337
 1154
 1671
 1286
  990
 2009
 1265
  737
  144
 1579
  514
 1935
 1487
 2049
  962
 1295
 1529
  768
  404
  681
  699
 1656
   58
 1971
 1676
 1442
  257
 1124
 1448
  704
  658
 2090
 1068
   10
  696
  574
 1557
 1486
 1779
 2022
 1774
  427
 1570
 1055
 1215
  318
 1668
  682
 1504
  329
  473
  684
 1221
 1945
  390
 2046
  590
 1147
  515
 2001
 1467
 1226
  463
 1665
 1367
 1549
 1997
  449
  603
 2041
  913
  426
 1786
  266
  192
 1469
 1698
  364
  132
 1978
 1600
 1726
  398
 1045
 2026
 1159
  363
 1936
  881
  256
 1699
  287
  775
   99
 1647
  803
 1223
 1069
  317
   23
 2031
  956
 1983
 1670
  243
   90
 1261
 1191
 1554
  838
 1686
 1361
  250
 1101
  755
  710
  880
  595
 1171
 1885
 1535
  767
  963
 1780
  732
  270
 1368
 1590
  458
 1900
  441
 1820
  986
  330
  283
  845
  600
 1012
 2002
 1014
  934
 2060
 2097
  867
 1758
 1037
 1227
 1766
  301
  436
  786
 1981
  332
 1862
  497
 1517
 1385
  313
   39
 1278
 1819
  693
 1719
  181
  973
   97
 1150
   29
 1660
 1793
  503
  170
  114
 2075
  641
  264
  294
  327
  310
  466
  680
   53
 2105
  837
 1545
 1940
 2077
  136
 1021
 1498
 1136
 1645
 1988
 1213
  280
 1720
  423
 1556
  968
 1493
  885
  619
   75
 1050
 1824
  666
 1500
 1061
   48
  533
 1346
  543
  155
  717
  184
 1132
 1094
  948
 2092
  227
 1449
 1833
  341
  258
  475
  413
  894
 1063
 1019
  326
  722
  763
 1594
 1994
  333
  394
 1794
 2118
 1753
 1176
 1562
 1433
 1429
 1508
 1629
   79
 1183
 1633
  663
 1301
 1942
 1490
  726
 2020
  440
 1457
 1650
 1752
   51
 1581
 1405
 1112
 1615
 2085
  392
  507
 1743
 1876
 1200
 1567
 1288
  249
 2028
 1169
  823
 1443
  451
 1938
 1250
 1761
  545
 1473
 1307
 1222
  640
  821
 1659
  954
  617
  744
  555
  316
  142
   55
 1333
 1844
 1881
 1890
  840
 1424
 1024
 1366
 2081
  870
  847
  116
 1809
 1882
 1005
 1237
 2008
 1949
  895
  992
  790
  495
 1830
 1359
 1709
 1891
 1859
   47
 1025
  178
  668
 1456
 1480
  625
 2072
 1546
 2058
 1392
 1057
  926
  946
