 1704
 2494
  669
 7058
 4908
 8075
 3159
  760
  477
 7780
 5615
 8087
 7367
 7669
  352
 7414
  988
 1873
 6782
 6217
 8474
 2928
  660
 8038
  788
 2880
 2975
 5437
 1196
 7148
 5685
 5312
 8462
 6644
  294
 5596
 5351
 4298
 8410
 2858
 6078
 1156
 7910
 7427
 3693
 4606
 1487
 8180
 4088
 5888
 4477
 3325
 3136
  517
  902
 8362
 6192
 6497
 6246
 4210
 5285
 4484
 2489
  673
 8178
 5083
 7101
 4130
 7167
 3256
 7809
 5684
 6447
 6724
 8279
 6539
 6501
 5121
 1731
 6368
 6293
 4615
 4678
 7124
 3047
 2315
  473
 2363
 2619
 7208
 6200
 7743
 5887
 1976
 4849
 5396
 3959
 8071
 6651
  273
 4719
 2741
 3069
  203
 1131
 8187
  927
 4087
 5325
 3372
 1067
 7660
 7600
 2290
 5956
  290
 8394
 5101
 2027
 4966
 3499
 8452
 7765
 2609
 7369
  215
 3606
 8278
 3790
 7241
 3235
 3392
 2684
 4984
 4350
 5283
 5629
 8044
 2373
 6904
 3644
 6374
 6805
 1713
 6520
 3730
 6324
 3486
  884
 7285
 6033
 5986
 6759
   47
 8416
 8372
 4695
  376
  514
 6809
 3205
 4997
 3673
 5195
 8397
 6908
 5207
 4426
 2035
  921
 6106
 6427
  374
 5932
  115
 6302
 2271
 7924
  717
 1206
 8197
 2648
 6065
 4061
 6435
 6885
 5736
 2184
  524
  821
 5535
 3570
 4794
 5317
 5704
 1212
 5520
 1755
 1242
 2921
  230
 5486
  954
  259
 1840
 6436
 2524
 5933
 6002
 8285
 3676
 4818
 5952
 3524
 6140
 5037
 2173
 5430
 1568
 7956
 1584
 7858
 2198
 8314
 1643
 3528
 2615
 1945
 3098
 6012
 7553
 7348
 3407
 6804
  369
  476
 7657
   14
 7714
 7520
 7623
 1479
 7050
    2
 5551
 6340
 6496
 1014
 1883
 3991
 2833
  304
 3100
  941
  163
 1925
 2990
 2067
  885
 8004
  564
 1622
 2045
 5397
 5847
 3717
 4416
 6327
 4010
 4475
  671
 4738
 7419
 7441
 2393
 1874
 5566
 7464
  349
 1054
 6323
 5970
 5637
 4540
 6906
 4768
 6850
 2181
 3547
  357
 4922
 2570
 6955
 5991
 3833
 4913
 7275
 6819
 5451
  587
 6592
 6816
  556
 1541
 5506
  625
 7940
 1511
 1738
 1122
 8312
 7000
  351
 6287
 1694
 1687
 6977
  953
 6121
 4946
 1990
 7712
 3378
 1058
 4047
 6525
  389
 1381
 4936
 7772
  202
 8221
 7245
 1300
 6446
 2146
 4064
 2804
 8408
 5607
 7726
 2004
 7825
 2471
 1745
  422
  759
  896
 7594
 3272
 1927
 7038
 6635
 5571
  106
 5830
 2368
  608
 1606
 6623
 4147
 2664
 2882
 5743
 5492
 3426
 6704
 1359
 3999
  768
 4063
 3847
 3773
 7863
 6279
 4555
 1954
 2735
 8351
 3737
 3865
 3642
  251
 1037
 8110
 3133
  909
 4600
 3056
 4335
 2974
   42
 3207
  409
 5627
 6499
 2826
 8249
 1469
 6480
 1034
 2157
  121
 2708
 1614
 2655
 8475
 7709
 3263
 7410
 6001
 3920
 1893
 3550
 2547
 1395
  164
 3231
 3424
 4806
 5837
 6602
 1586
 8234
 7434
  859
 2042
 4800
 6274
 6024
 4432
 1618
 4889
 4544
 7514
 1036
 2593
 1233
 6425
 6229
 6417
 7983
 6319
  117
  920
 7738
 2695
 6558
 4708
 3082
  856
 3933
 2831
 1553
 8011
  984
 7854
  510
 1769
 7397
 8553
 3896
 2195
 8156
 3015
 1810
 1736
 4945
 4640
 3533
 4962
  980
 8297
 5452
 4724
 4260
  721
 2060
 1744
 2863
  652
 4202
 2071
 8363
 6455
 8040
 5039
 7640
 6792
 1955
 6046
 4225
 4903
 2730
 8386
 2069
 4114
  607
 4329
 3095
 6107
 7782
 7684
 2753
 7879
 3495
 3201
 7894
 5973
 4740
  837
 3747
 4246
 7646
 5660
 5569
  192
 8139
 5272
 7366
 4939
 4785
 1055
 8016
 5946
 3905
 4144
    0
 1219
 7002
 3371
 2520
 2942
  339
 2463
 2299
 7827
 3347
 7547
 7081
 5632
 7675
 8340
 4230
 5516
 5019
 4185
 3414
 7458
 7239
 5557
 7308
 5429
 7299
 3917
 4367
 8205
 3837
 5591
 3592
 7606
  142
 3761
 6386
 6317
 7828
 3230
 3792
 7449
  900
 8551
 1631
 2563
 5877
 4669
 1220
 8323
 1539
 6204
  662
  702
 7648
 2077
 4864
 4533
 7656
 5426
 2729
 7855
 1723
 5639
 8282
 1707
 2596
 7884
 2457
 1385
 6188
 1905
 1184
 7534
 7965
 7973
 1492
 3408
  928
   72
 7544
 5449
 6751
 6580
 3839
 3427
 6947
 1268
  268
 6321
 4039
 4452
  682
 4017
 5835
 3814
 3453
 8231
 7953
 7700
  942
 1667
 7488
 4316
 4895
 8543
  447
 6976
 8153
 4812
 8315
 2759
 5361
 6213
 5574
  651
 2118
 1426
 7701
 6803
 6492
 1434
 3219
 4549
 6848
 3189
 1580
 5549
 6241
 8014
 2280
 7777
 1020
  102
 8158
 7477
 8434
 4675
 3681
 5187
 7014
 6461
 8101
 6099
 1153
 1551
 4252
 3777
 8349
 3902
 1972
 5159
 8181
 4734
 4948
 1838
 6067
 4901
 4654
 3615
 7121
 7959
 4043
 1063
 3137
 1544
 5258
 8266
  775
 8523
 5482
 6912
 3979
   17
 6692
 1520
 5610
 1393
  483
 1847
 7174
 5475
 3307
  830
 2473
 5401
 1159
 6161
 6466
 1349
 5335
 1292
 1846
  348
 2530
 4542
 7866
 5374
 7252
 7704
 5988
 5148
 2728
 6426
 3802
 2248
 6943
 3072
 7727
 3161
 4902
 6834
 1409
 6916
 4690
 3685
 3671
 8331
 6897
 4397
 2268
  423
  505
  818
 6236
 1870
 3823
 8029
 5912
 4617
 2281
 4770
 7876
 1717
 6608
 3342
 4340
 7581
 1296
 1396
 7237
 7043
 5686
 2308
 2552
  393
 8244
 5652
  826
 1588
 4012
 7306
 2349
  382
 1124
 2716
  615
 5938
 5803
 1490
 7123
 1321
 6195
 1800
 8471
 3462
 6020
 1974
  168
 3251
 2372
 1978
 7249
 4627
  462
 1575
 3595
  676
 3578
 5844
 8155
 3538
 3656
 2703
 5224
 7530
  704
 8552
 1761
 7095
 7742
 6779
 6599
 1649
 8344
 6973
 7364
 6691
 6504
 8127
 8039
 7538
 8213
 8058
 2321
 6923
 3957
 7663
 7094
 3410
 6865
 4887
 1424
 2778
 6603
  906
 8488
 2792
 6657
 5588
 2500
 4359
 4042
  542
 3864
 6893
 7630
 2231
 8050
 3314
 4352
 1603
 7859
 1651
 5514
 4024
 5346
 1822
 8006
 5603
  892
 4090
 1017
 2685
 6459
 8204
 3267
 5662
 3096
  765
 3652
 2575
 1513
 2702
 4983
 5871
 4635
 8392
 3027
 4338
 2907
  461
 5455
 7063
 7051
 1917
 2732
  518
 6844
  196
 7546
 8202
 5175
 6706
 6353
 7562
 7166
  482
 5352
 3102
 3891
 3973
 2604
 5376
 6412
  926
 6432
 3836
 5183
  802
 3028
 1015
 2587
  648
 5229
 8311
 3603
 8334
 4366
 5110
 8140
 2235
 2108
 1848
 2709
  172
 4848
 8350
 3566
  761
 3876
 5278
 6732
 7531
 1906
 1819
  444
 2443
 3634
 5137
 5046
 4129
 3083
 8185
  343
 5781
 3525
 5382
 5611
 8409
 5999
 7368
 1889
 7786
 1366
 4368
 7236
 2743
 6861
 4933
 2522
  234
 2496
 2437
 2697
 7654
 2782
    7
 1114
 7494
 2472
 2869
 1253
 6860
 3496
 1416
 4487
 1728
 7228
 5366
  618
 4451
 3520
 2480
 4309
 1569
 6016
 7486
 3237
  545
 2536
 1364
 5985
 3017
  674
 3031
 3188
  467
 5617
  574
 8250
 6565
 6910
 1092
 7618
 4371
 2172
  581
 6757
 7469
 2589
 4743
 4154
 1123
 5015
 1751
  235
 1133
 8277
 2306
  134
 6261
 5728
 4398
 2832
  346
 2875
 5713
 4439
 8222
    8
 6524
 2770
 1048
 5997
 6249
 7455
 1222
 6026
 7470
 6796
 5393
 4858
 2215
  994
 4845
 4312
 6110
  817
 3523
 3000
 3610
 2583
 4485
 5573
 4994
 5461
 6205
 6167
 6536
 7037
  445
 6155
 6403
 4898
 5082
 6068
 6126
 3738
 8496
 3259
 3505
 5512
  298
 7996
 7251
 1554
 7151
 2033
 1742
 4829
 7620
 6619
 8037
 1189
  548
 4530
 3131
 4179
 2229
 4976
 5593
 2114
 1659
 5905
 3004
 5297
 4578
 3763
 4075
 1149
 8477
 4628
 1271
 3440
 5894
 4148
 4232
 4488
 3708
 8324
 1796
 2200
 7819
 2719
 3554
 6484
 6346
  878
 1537
 1902
  478
   55
 5579
 4928
   15
 2926
 7498
 8095
 5391
 1421
 3385
 4438
 8310
 3045
 2656
 5033
 8236
 4943
 6069
 1815
 2566
 2717
 1201
 5456
 6713
 4055
 1648
 3531
 2151
 7687
 7175
 1371
 5070
 5813
 7425
 3016
 3277
  211
 4870
 2960
 3660
 6930
 5202
  253
 2483
 2469
 1417
 3023
 2968
 3330
 7631
 3366
 2621
 3255
 7136
  283
  588
 2940
 3247
 7707
 8492
 5045
 1238
 6357
 7721
 8215
 4491
 4450
 7975
 5601
 4166
 7785
 1519
 5782
 6259
 3686
 2611
 7702
 3636
 5939
 4558
 4644
  169
  578
 2727
 3622
  484
 5469
 1971
 2016
 7098
 3014
 3888
 4799
 6729
 4659
 7286
 6344
 5379
 7864
  580
 2924
 7028
 4844
 3428
  475
 7850
 4353
 2285
 5563
 7130
  579
 4637
 4473
  742
 5490
 2686
  703
 5477
 5254
 7767
 4220
 7787
 5341
 8235
 7499
 3480
 1934
 3175
 1167
 3569
 7145
 6465
 1638
  305
 4630
 1524
 1077
 1411
 4731
 3483
 5141
 1779
  404
 6108
  405
 1174
 7295
 7539
 3064
 6329
 8358
 4875
  582
 5450
 2120
 8091
 4527
  195
 6047
 8548
 3425
 8333
 3612
 2474
 7936
 4509
  546
 8176
 8027
 8316
  714
 1578
 4632
 4662
 3300
 6222
 4201
 2689
 2641
 8043
 1270
 7769
 6398
 7277
 5936
  808
 3743
 1768
 4823
 4281
 6839
 7459
 8307
 5679
 4647
 4004
 4200
  199
 4650
 7651
 8519
 1187
  204
 2444
 1783
 7243
 7591
 5664
 3245
 7763
 1941
 2274
 7550
 1388
 4444
 6029
 7244
 7485
 3934
 3202
 8207
  472
 4189
 5906
 6655
 5305
 5653
 4857
 1931
 2360
 6335
 4100
 5447
 6311
 2425
  210
 4932
 2773
 8191
 6396
 4905
 1098
 6375
 2046
  693
 7319
 6035
 4037
 2984
 5716
 3065
 6452
 4471
 1572
 5165
 3039
 6075
 3169
 4383
 7263
 3191
 8054
 4762
 7670
 3564
  218
 3487
 4237
 3944
 8227
   45
 5248
 8332
  917
 5909
 7328
 1190
 4186
  694
 8404
 6956
 4639
 1920
  571
 8469
 1425
 8486
 3548
 1127
  158
  810
 1288
 3316
 2936
 4138
 6681
 5362
 5735
 4835
 7242
 3936
 7611
 1166
 5616
  334
  379
 8441
 5539
 7681
 1285
 5817
  419
 5828
 1573
  103
 5604
 2380
 7976
 6158
 8056
 3192
 7607
 2254
  193
 2432
 1086
 2422
 4467
 5359
 5584
  129
 5626
  712
  971
 8045
 3129
 7857
 6781
 5327
 2633
 4034
 7405
 2144
 6577
 8534
 6628
 2824
 3558
  322
 4641
 5804
 1251
 6390
 1160
 8034
 8308
 7519
 5439
 3345
 8302
 1319
 1231
 6038
 2063
 7578
 7444
 7152
 5738
 7932
 8271
 4028
 3501
 1609
 2683
  307
 2300
 6445
 6117
 4204
 1449
  550
 8115
 5369
 3030
 5815
 5140
 5122
  313
 7919
 4804
 6521
 8225
 3571
 4123
 2210
 4961
 2270
 2789
 1547
 1338
 7497
 3138
 3105
 8505
  116
 4070
 6931
 6519
 1617
 5628
 4022
 2218
 5751
  787
 6668
 5255
 2788
 3044
 3577
 3218
 6157
 2902
 6873
 7649
  707
 2763
 2481
 4587
  696
 1680
 1938
 3187
 5214
 5491
 4518
 1620
 7134
 7629
  256
 7303
 5240
 5333
 8453
 5778
 2450
 2191
 6677
  128
 3635
 7671
 6649
  137
 2115
 8510
 2378
 3092
 5598
 2795
 4866
 7972
 2748
 3768
 2855
 7783
 8330
 1370
 6989
 3002
 5125
  655
 7437
 5961
 5216
  992
   63
 5752
 7127
 6119
 3534
 3987
 3355
 6442
 2893
 8435
 8461
  412
   27
 8104
 8254
 3093
 3781
 4978
 7465
 2278
 4082
 4532
 1465
 4636
 5788
 6600
  243
 4805
  904
  777
 4031
 5067
 3650
  962
  786
 7843
  485
 3516
  685
 5541
 7917
 4685
 2088
 6742
 6387
 7430
 6924
  406
 8265
 7155
 4579
 8284
 4019
 3139
 4403
 5163
 6625
 5959
 8531
 4412
  318
 7202
   74
 3553
 6482
 8214
  643
 3252
 4158
   90
 8444
  839
 5368
 1579
 1535
 4026
 5576
 5091
   41
 5424
 5962
 3283
 6761
  421
 4611
 2562
 4916
 7401
 3461
   76
 2812
 4846
 6624
 3123
 4878
 4299
 7222
 2699
  840
 7084
 5845
 3916
 5061
   32
 7340
 3264
 8151
 7075
 7390
 2485
 1493
 7395
 1072
  232
 6983
  961
 6736
 1646
 6682
 2854
 8129
 2265
 5235
  776
 8109
 3029
 5152
 3210
 7954
 3879
 3402
 3019
 7810
 6733
 5330
  725
 5824
 7997
 2062
  493
 5031
 2529
 3367
   83
  591
  446
 4076
 4480
 3897
 6378
 4564
 7007
 3332
 1352
 3079
 6056
  552
 1923
 4379
 6083
 2872
 5910
 2258
 4760
  122
 3893
 3038
 3391
 5559
 4160
 4239
 2412
 5119
 6506
 3540
 6467
 6441
 6517
 3013
  798
 7526
 5786
 3711
 7596
 2569
 3295
 4853
  708
 4167
 6005
 5779
 4399
 7524
 6879
 7154
 2704
 6878
 6000
 4162
 1550
 6776
  180
 8468
  599
 3614
 6429
 3080
 8414
 8396
 7988
  567
 6146
 2424
 3596
 2266
 5925
 6015
 2216
 5518
 4414
 1975
 8106
 2819
 2055
 2022
 3587
 1621
 4305
   77
 6832
 2944
 2039
 3795
 4459
 6244
    9
 7421
 3417
 1258
 5239
 2139
 7860
 1113
 2288
 4240
 5441
 6291
 8243
 1362
 7456
 6135
 1483
 7636
 4842
 6080
 6589
 3291
 6316
 2820
 3160
 6730
 8379
 1473
 5708
 8530
 1996
 1645
 1722
  388
 2980
 6788
 7194
 1459
 6791
 7572
 5026
 3859
 7412
 6640
 2581
 4097
 5800
  603
 6333
 1266
 8113
  274
 4590
 7560
 7135
 5640
 7708
 5470
 6172
 4638
  637
 2892
 5319
 5945
 2531
 4139
 7318
  309
 3742
  101
   53
 2277
 1079
 7032
  565
 8535
 7284
 6420
 4320
 2476
 8112
 1743
 3739
 6778
 3748
 2525
 4755
 7012
 7775
 7561
 1988
 6201
 5852
 5693
 2721
 7867
 4168
 4742
 7383
  966
 2629
 4923
 1762
 4602
 7196
 6786
 2784
 2903
 3862
 3008
 5316
  184
  975
 7217
 5856
 5757
 1226
 1365
 6220
  997
 6144
 7518
  174
 4917
 6152
 3134
 2722
  150
 3961
 4415
 3116
 1852
 2400
 2521
 4217
 1360
 6289
 5680
 3171
 2226
 2477
 6474
 7551
 6298
 1252
 4588
  179
 3362
 4342
 1908
 5162
 6552
 8498
 1929
 6630
  781
  553
 2247
 3351
 1109
 8473
 5301
 7617
 3998
 8246
   26
 6469
 4016
 1361
 1047
 7588
  924
 6061
 1466
 8424
 5510
 3522
 7552
 2572
  716
  647
  530
  512
  143
 5739
 4562
 4597
 5003
 1533
  831
 3493
 4373
 1922
 8528
 5010
 3215
 5017
 3772
 1599
  751
 3904
 4110
 4971
 8105
 4885
 7384
 5289
 6509
 3966
 4517
  271
 1798
 2894
 7690
 4986
 8443
 2197
 8171
 2825
 7612
  769
 6203
 6898
 1457
 1481
 3110
  559
 4437
  326
 6697
 5695
  677
 7418
 7210
 8074
 2781
 7120
 4813
 1503
 2510
 8136
 6049
 6711
 7496
 1862
 3666
 4314
 2318
 3120
 3035
  573
 2838
 5974
 4089
  754
 3073
 2766
 1218
 3808
 1510
 1119
 3124
 1121
 6722
 7248
 8457
 7030
 3995
 7699
 7883
 2238
 1675
 6179
 8099
 7946
 7771
 8120
 4066
 2557
 4831
 2553
 4486
 7614
 4538
 5720
 7590
 1774
 2890
  490
 2099
 2448
 7247
 7495
  600
 7554
  454
  593
 4018
 5981
 4295
 1863
 1336
   50
 6382
 6609
 3705
 7314
 5700
 1589
 2272
  843
 3963
 6598
 6022
 5809
  110
 5063
 1792
 7826
 4351
 5525
 2441
 6540
 7797
 5568
 2385
 6777
 8326
 6535
  527
  668
  934
 4504
 7271
 2830
 5453
 2513
 1636
  602
 1323
 4691
 5383
 5671
 7141
 5120
  973
 3682
 1419
 7969
  176
 7728
 4482
  264
 5136
 2103
 2376
  471
  557
   36
 5417
 6237
 5336
  275
 2559
 4852
 1016
 4541
 7982
 4218
 5265
 3892
 2240
 1139
 4428
 4454
 8220
 6571
 5087
  974
 7998
 4445
 4702
 5234
 1951
 8560
 3687
 3026
 8252
 5971
 7046
 5586
  911
 5622
  481
 1641
 6613
  185
 4478
 4667
 7800
 5358
 1555
 3710
 7169
 5499
  104
 4060
 6550
  146
 3875
 2320
 4610
 2074
 7462
 6089
 3601
 7602
 2194
 7143
 8538
 4190
 5303
 7964
 5016
 3851
  525
 5606
 4940
 7689
 4810
 6841
 6384
  811
 3386
 3287
 7501
 1230
 8076
 4258
  566
  750
 1880
 8067
  978
 4754
 2592
 4135
 6221
  229
 5619
 4771
 5858
 3521
 3581
 2747
 8035
 2096
 2079
 5784
 4393
  727
 6073
 5725
 4157
 6648
 2310
  327
  538
  691
 4619
 6456
 7992
  595
 2932
 3262
 7108
 4663
 3912
   51
 5517
 2145
 2548
 6783
 5178
 4618
 3503
 6410
 5476
 2023
 2117
 1147
  182
 3395
 5203
 4435
 1999
 3063
 5980
 7289
 2573
 2637
 1775
 3762
 8079
 4524
 7818
 4192
 3151
 3820
 3970
 3986
  922
 5503
 2000
 8193
  589
 3552
 2180
 7261
  695
 6695
 1324
 5798
 4626
 7509
  949
 4171
 1053
 7215
 3359
 5722
 6102
 1817
 4280
 1528
 3266
 7994
  986
 3701
 5109
 7466
  265
 6674
 1981
 3200
  520
 3353
 1865
 1260
 7725
 1372
 4291
 4581
 2386
 1078
 1382
 5252
 5268
 1788
 7230
 6468
 5825
 7856
 6789
 6170
 6057
 4465
 1973
 7424
 2998
 5860
 4603
  812
 7072
 3506
  680
 5306
 5381
 5279
 2665
 1787
 6862
 6343
 8544
 7521
 4376
 4380
 5747
 7060
 6006
  755
 4253
 6794
 1347
 4631
 3626
 3163
 6899
  684
 2006
 7099
 5940
 8132
 3109
  576
 3172
 4869
 6320
 4828
 7548
 7209
 3302
 2546
 6905
 5515
 4687
 5431
 3297
 2947
 8522
 1340
 7933
  929
 1357
 2977
  995
 5231
 2341
 1180
 6990
 5257
 2217
 6169
 2279
 5865
 2090
 3225
 8154
 8467
 1454
 7862
 4381
  177
 6337
 1314
 3602
 8128
 5709
 6656
 7717
 1155
 6421
 4421
 6060
 3576
  586
 5076
 6945
 1095
 1696
 5218
 6087
 8449
 4748
 1660
 6303
 5665
 6714
 2438
 1518
  739
 1930
  541
  925
 5761
 7995
  178
 1173
 2287
 7162
 7481
 7226
 6927
 7798
 8305
 1756
 2986
 1094
 5529
 3162
  654
  504
 2576
 4930
 2777
 6988
 6115
 4194
 6959
  863
 5692
 1182
 1715
 4816
 6415
 7490
 5958
 1310
  499
 1750
 6190
 3890
   44
  519
  784
 6800
 5998
  463
 6409
 1315
 6471
 2740
 3971
 3152
 8303
 5112
  114
 4238
 3041
 7092
 1616
 6472
 4739
 3512
 2174
 2061
 1966
 7874
 2601
 7267
 4122
 8240
 2797
 3729
 3454
  549
 5851
 1559
 5841
 8184
 4499
 2484
 5849
  222
 5363
 6371
 8131
 5592
 7484
 8497
 5273
 1984
 6937
 3415
 8008
 5714
 3508
 6741
 6659
 3694
 4568
 1523
 7980
 3125
  650
  295
 5827
 3818
 3906
 5659
 1485
 8130
 1835
 7489
 5204
 7420
 1134
  402
 7941
 1720
 4214
 3377
 6304
 3585
 1849
 8049
 4323
 3834
 7706
 4400
 1476
 5672
 4982
 6199
  638
 8433
 4990
 5509
 3242
 8391
 3383
 2983
 5572
 4105
 7830
 7688
 5848
 6262
 5262
 5221
 1963
 6951
 7912
 6678
 5200
 4781
 7635
 6196
 8501
 2618
 2256
 8299
 1692
 4967
 3130
 3156
 8484
 3591
 3822
  384
 6168
 3731
 4736
 1322
 2095
 4608
  506
 6292
 3379
 6493
 5129
 5891
 5864
 4643
 5919
 6590
 3403
 8066
 5138
 1980
 2754
 5501
 4680
 5251
 4502
 7015
 5410
 6138
 4536
 3724
 5854
 6404
 2141
 6360
 4987
  989
 5565
  111
 1712
 7966
 8206
 1531
  861
 8137
 7523
 7664
 2301
 7165
 6505
 1833
 3886
  238
  666
 2675
 2020
 5661
 4682
  244
 4926
 1716
 6689
 2690
 6397
 4613
 1214
 5288
  491
 1773
 4955
 4651
 1177
 1333
 2807
 2199
 2815
  240
  170
 8025
 2627
 1557
 1273
 5954
  360
 1921
 4274
 2679
 5915
  601
 2751
 2465
 6762
 1026
 3239
 8454
 3509
 7587
 5191
 2801
 8179
 2052
 7191
  167
 1461
  919
 7373
 8526
 4443
 1710
   97
 4224
 2613
 8022
 7129
 6281
 3380
 4264
 4964
  915
  252
 2785
 1013
 4498
 2862
 5654
 7944
 8292
  320
  820
 8103
 3158
 3620
 6828
 3228
 1089
 2293
  897
 7391
 4556
 6197
  606
 2544
 2933
 3697
 1497
 1610
 1597
 2723
 4276
 4696
 5467
 4883
 8226
 7394
   89
 7022
 6570
 5600
 2233
 2212
 6688
 3097
 1101
 4378
 6921
 3755
 1477
 5215
 6995
 1199
 2388
 2519
 2486
 6836
 5308
 6307
 4907
 3333
 6139
 4361
 6530
 6986
 7398
 7930
 4506
 2458
 5238
  237
 2369
 5291
 2993
 3488
 1250
 6045
  773
 1143
 7089
 3482
 8268
 1839
 6339
 3672
 1772
 1494
 7968
 6522
  209
 6231
 7026
 6092
 2725
   68
 7582
 2034
 5243
 1303
 8148
 7110
 4766
 1843
 6207
 6617
 7062
 2600
 5389
 3465
 2706
 3954
 8063
 4737
 6464
 1549
 5777
 1709
 1052
 5941
 6727
 2413
 3714
 7925
  429
 7467
 1542
 5459
 5244
 1430
 7283
 5337
 8438
 5965
 5819
 2755
 3854
 7452
 2464
 2673
 5780
 5021
 7103
 5006
 1003
 2901
 6693
 7235
 7627
 6830
 4054
 3373
 7278
 6874
 4900
 2843
 7559
 3170
 7532
 4703
 5696
 6591
 5463
 1785
  791
 4447
 1753
 6946
 8411
 4479
 2642
 8262
 8503
 2818
  441
  857
  372
  140
  801
 2645
 4293
  683
 6753
 5963
 1672
 3976
 3967
 2866
 5511
 3807
 1907
 4111
 6338
 8320
 8521
 3784
  458
 3616
 6748
 1693
 2849
 7258
 5205
 7451
 5882
 2949
 7327
 3972
 5249
 3286
 2687
 3439
 2906
 5390
 6240
 5978
 2072
 3346
 3422
 7057
  123
 3036
 1928
 6041
 6109
 7752
 5542
 5497
 4002
 4211
 2745
 3723
 1767
  661
 1436
 6917
 6123
 7381
 7096
 7952
 6491
 2196
 4182
 5050
 3536
 7253
 4226
 4262
 2586
 1380
 2646
 4306
 8360
 8347
 4906
 4822
 2284
 3751
 2681
 5972
 5339
 6766
 6705
 5314
 6449
 6212
   18
 5329
  819
 2362
 1451
 5130
 8082
 3006
 3821
 6576
 7385
 7216
 1355
 3009
 3861
 7035
   60
 2470
 8141
 6801
 2487
 3608
 2599
 6278
  690
 4583
  296
 1298
 5115
  634
 5051
 4193
 7218
 7586
 1600
 5079
 2475
 5764
 3456
  616
 5621
 4584
 3337
 3471
 5188
 8370
 7568
 3617
 3396
 4266
 2461
 1882
 4775
 6243
  982
 4534
 3034
 4886
  636
 4860
 7761
 3478
 8499
 3535
 8420
 8298
  375
 2260
 4489
 3678
 5062
 3841
 7619
 6085
 5650
 4199
 4020
 4107
 5013
 3759
 1909
 7852
 2682
 4999
 1138
 6315
 4876
 1103
  881
 6256
 2865
 2864
 7748
 5226
 1398
 2298
 6124
 2501
 4553
 7137
 1384
 7812
 2632
 5277
 2497
 5775
 2434
 1961
 2166
  262
 5688
 3048
 1950
 6747
 5049
 7272
  738
 1228
 7109
  705
 5096
 2435
 1005
 7256
 4753
  147
 2292
 5955
  156
 6290
 6802
 2841
 5395
 5066
 8042
 7005
 4551
 3643
 6915
 4604
 4104
 7021
 8145
 6347
  710
 1120
 1969
 5669
 2267
 4759
 2971
 3481
 6867
 4991
  543
 2860
 3430
 2988
 4495
 1919
  206
 4979
 5246
 2534
 3472
 2005
 6887
 8383
 2670
 4244
 1876
 8001
 6153
 5334
 7754
 4980
 7804
 4261
 7567
 2796
  287
 2015
 1561
 6708
 3938
 7626
 3363
 7446
 4931
 3801
 3572
 8125
 6593
 2340
 7641
 6413
 6818
  531
  726
 1346
 3141
 7171
 8238
 6739
 5768
 2816
 2167
 5179
 1604
 5930
 5683
   81
 1197
 1634
 8348
 5473
 2878
 1952
 1165
 6575
 4283
 8288
 7294
 3816
 4008
 3313
 3939
  901
 6120
 6719
  503
 8031
 7958
  201
 4058
 2989
 7885
 6084
 1236
 1662
 7163
 1061
 2594
 7408
 6676
 2749
 6856
 6363
 1556
 6365
 2943
 2614
 1686
 6675
 1937
 1221
 3549
 4826
 6645
 6671
 6008
 4073
  132
 5984
  217
  436
  457
 3709
 3597
 8276
 4334
 1192
 4141
 1475
 5802
  226
  359
 4126
  731
 5318
 3719
 6163
 1699
 7716
 6500
 7895
 4108
 5643
 7853
 5797
 2147
 6345
 3541
 3950
 1474
 4539
 3629
 1183
 4385
 5710
 4924
 5707
 3089
 4501
 8470
 2264
 3868
 7388
 3094
 5947
 6114
 8009
 5253
 7896
 2160
 7697
 6673
  537
 5164
 3409
 2647
 1946
 4311
 3327
 1939
 5689
 6444
 3223
 4268
 5181
 5609
 7214
 7760
 7680
 1032
 3183
 6547
 4537
 4036
 5897
 4833
 8152
 7715
 7790
 5727
 4389
  577
 2545
 3725
 7170
 3352
 4873
 7527
 6326
 7773
 1665
 4560
  188
 1471
   34
  780
  386
  288
 7008
 6127
 3190
 7113
 5242
 5328
 5236
 1590
 8248
 3489
 6529
 8515
 2133
 1797
 6572
 3062
 8419
 4133
 7624
 7365
 2847
 5113
 8256
 2415
 7044
   96
 6687
 1992
 4011
 3397
   20
 2237
 1091
 7107
 1325
 4670
 2057
 2427
 4851
 3394
 4349
 5116
 8533
   66
 2165
 5472
 3474
 6440
  678
 1329
  749
 7583
 7673
 3238
 5796
 5811
  955
 3455
 7903
 1215
 6422
  183
  135
 6454
 1807
 2635
 1275
 5531
 2495
 2758
 1141
 2346
 2761
 1932
 4441
 7111
 3265
 3290
   64
 6160
 5142
 6837
 1627
 7875
 2972
 8491
 2640
 1225
 7304
 3112
  772
 1158
 5435
 5911
 7610
 6513
 1316
 5550
 2705
 4507
 8364
 2351
 6900
  667
 1358
 4172
 6165
 8450
 1623
 5691
 4701
 4296
 6614
 1799
 3024
 6389
 4624
 3982
 6672
 1276
 2493
 5436
 1006
 6239
    3
 5093
 5311
 5225
 2263
 5770
 4493
 4865
 2092
 1247
 6025
 5143
 2914
 3451
 2066
 8465
 5007
 7399
 3476
 2236
 3042
 4337
 2700
 7006
 5295
 3867
 7265
 7938
 7564
 2922
 4161
  728
 6252
 5886
 7653
 2504
 6053
  165
 6738
 1116
 8401
 5785
 3560
 7750
 7625
  414
 3411
 5132
 6462
 2658
 1254
 1647
 2335
 6859
 3253
 1278
  569
 4092
 6498
 5488
 6568
 4377
 6863
 7343
 8512
 8200
 8328
  319
   69
  428
 3494
 7759
 2065
 5880
 1633
 6875
 6399
 2253
 7409
 3418
 6965
 4457
 7370
 1577
 8317
 2379
  381
 5418
 1456
 3699
 2017
 5245
 6510
 2398
 1987
  488
 5059
 5064
 5399
 6913
 1151
 5266
 5077
 6551
 8077
 4284
 6569
 2768
 2511
  948
 5223
 3157
 1004
 1448
 4406
  496
  130
 5150
 2925
 2694
 3779
 4235
 1262
 5820
 4996
 3921
 4030
 3304
 3649
 7479
 1312
 3115
 7269
 5645
 2008
 3838
 6111
 7703
 2382
 7093
 4879
 6391
 1402
  809
 5117
 6272
 4136
 7801
 2339
 2491
 1447
 7741
 4297
 1241
 3376
 4322
 6700
 2874
 8032
 4840
 3303
 2295
 4689
 4391
 6966
 1764
 1995
 3502
 4508
 8116
 2127
 8463
 8094
 1377
 6215
 1763
 1897
 7644
 2574
 8557
 4285
 5966
 4505
 4000
 2966
 8430
 6450
 3320
 5599
 7138
 5036
 1997
 6101
 4413
 7723
 8342
 6255
 2502
 5744
 8026
 7036
 7792
 5608
 7461
 6180
 3104
 4461
 8493
 4449
 7889
 2539
  563
 6669
 7440
 7315
 1313
 6601
  635
 2414
  119
 3845
 6967
 6851
 4765
 4957
  869
 5323
 8291
 8352
 3872
 2211
 7745
 6583
 7615
  443
 5876
 5636
 4404
 2011
 1924
 8010
 4363
 5676
 7336
  688
 7276
 8182
 6606
 8304
 4052
 2350
 3877
 4083
 1944
 1009
  865
 3419
 7802
 3858
 5081
 6826
 6295
 6191
 6475
 1012
 1383
 8150
 2757
  270
 7389
 3736
 1915
 5107
 4988
 7375
 4472
 4565
 7118
 7219
 8061
 4067
   99
 3583
 7679
  338
 3051
 7920
 4453
 1703
 6354
 1644
 7605
 4554
 6055
 1632
 7632
 5769
 5833
 7974
 6537
 1806
 2345
 1726
 7849
 2585
 8170
 6574
 4827
 3339
 8385
 5483
  763
 3809
 6717
 1844
 2651
  507
 7142
 6969
 7543
 1943
 7923
 7659
 6267
 3305
 4950
 4470
 8017
 5156
 2252
 6003
  605
 7358
 6483
 3447
 1871
 1293
 8013
 3473
 6408
 1959
 3254
 5355
 6453
 4321
 6765
  336
 7766
 2564
 7180
 1653
 2845
 7881
 5174
 7732
 2802
 5721
 4912
 6604
 4745
 5901
 1552
 4510
 6143
 1282
 1842
 2603
 6227
 5375
 7087
 4944
  378
 3222
 1442
 6062
 6934
 1592
 7160
 8163
 3937
   54
 7416
 5290
 3507
 6508
 2056
 1453
 6787
 7776
  236
 7070
 7097
 4642
  364
 5169
 2803
 4712
 7273
 5042
 1367
 1024
 1543
 4358
 3911
 7396
 6141
 7508
 1351
 5719
 2555
 1401
 8275
 7805
 7292
 2584
  383
  794
 3477
 8355
 2885
 4710
  544
 5675
 7454
 3484
 3349
 4550
 2909
 8518
 4056
 4174
 7199
 4178
 7807
 5979
 6690
 7471
  722
 1795
 3233
 1993
 7491
 4514
 7250
 7642
 5434
 1869
 3416
 2009
 4418
 1983
  181
 3899
 1344
 1771
 5264
 6611
 6481
 5896
 3226
 2937
 2038
 3289
 2130
  999
 2492
  940
 4462
 5729
  752
   95
 5275
 6814
 3180
 2051
 2992
 6544
 2873
 8511
 3087
 1211
 4513
  952
 2296
 5694
 1851
  824
 6054
 4676
 7429
 3166
 7676
 5127
 2396
 2390
 7042
  932
 4802
 1583
 2002
 5147
 4267
 2887
 1317
 1136
 7344
 2178
 8018
 3519
  105
 1100
 2517
 6812
 3855
 2202
 4700
 7144
 6306
 1423
 7195
 6476
  813
 7655
   25
 3700
 7361
 2696
 5706
 2718
 6351
 1025
 7545
 1698
 2848
 4897
 3413
 7331
 7661
 3675
 2375
 6884
 2223
 7474
 2161
  916
 3645
 1526
 3268
 2528
 1495
 4494
 2776
 1286
 4722
 6086
 2654
 4177
 1029
 7570
 2273
 3593
 1064
 5543
 3805
 6538
  969
 7374
 6650
 3741
 7756
   94
 6275
 7052
 2040
 2406
 4652
 6768
 2032
 4718
 7335
 6312
 8146
  448
 2389
 7234
 5648
 1283
 1356
  640
 3997
 5065
 8353
 1040
 4596
 5457
  449
 5089
 8078
 4079
 7460
 5407
  219
 3951
 3420
 3718
 5631
 3733
 4741
 7225
 2560
 3206
 3146
 2931
 3529
 8167
 6881
 5219
 3443
 1274
 2073
 1809
 8398
 7517
 6147
 4958
 6132
 8485
 1413
 3276
 1515
 7333
   56
 6928
 6284
 8367
 4290
 6883
 2540
 7733
 8555
 5023
 6280
 5409
 5282
 2607
 6028
 2698
  200
 3977
 5222
 6431
 4032
 7270
 2155
 4725
 2387
 1452
 1910
 3261
 2244
 6852
 7951
 7186
 1630
 5056
  141
 5578
 6685
 1879
  299
 1232
 4747
 6769
 5605
 2997
 2561
 4547
 2455
 8309
 8143
  426
 7751
 7563
 4791
 7799
 7382
  711
 5789
 1509
 2282
 1108
 6785
 7898
 5822
 2076
 4634
 3292
 7604
 3301
 5983
 6680
 5388
 3145
 6877
  225
 6750
 8489
 5943
 3020
 1601
 6077
 5349
 3398
 7882
 3846
 1894
 7342
 2625
 7948
  380
 6918
 4086
   39
 6855
  632
  617
 2239
 7542
 1766
 4995
 3734
  867
 5895
 2964
 3910
 2423
 1392
 2222
 7351
 2012
 6260
 4688
 3775
 7536
 6982
 1171
 8458
 5212
 2283
 5839
 2261
 5419
 3770
 3211
 1885
 6367
 2945
 1308
 5703
 4784
 2377
  700
 8096
 8502
 6638
 3077
 8088
 8439
 8451
 3827
 2867
 3213
 7502
 7579
 8389
 1982
 3600
 4326
 7902
 2478
 5153
 2436
  532
 2255
 6545
 1724
  719
 4263
 1970
 7628
 4915
 1831
 1169
 5771
 2579
 5634
 4078
 5564
 1328
 2877
 1585
 6248
 5670
 1348
 8494
 1991
 2158
 4069
 5524
 5668
 6112
 3229
   30
 4143
 3437
 6585
 6581
 4065
 8495
 4625
 7274
 2822
 5241
 6096
 1719
 8192
 7024
 6907
 2996
 3335
 1947
 4072
 5403
  609
 6423
 7525
  321
 3470
 3948
 7565
 7354
  332
 8445
 7842
 7415
 7360
  489
 3184
 5338
 7779
 3221
  266
 2661
 1439
   80
 5416
 1185
 1093
 1500
 8482
 8459
 5192
 6072
 7905
 6133
 6369
 4050
 6210
 7575
 1305
 3500
  764
  224
 7447
 4622
  778
 2567
 2029
  713
 1468
 5558
 2806
 7844
 1410
 1181
 3871
 6758
 7305
 4080
 4660
 2712
 4228
 3269
 5151
 7929
  805
 6683
  118
 1111
 3994
 2811
 3011
 3765
 6225
 6364
 5108
 6716
 5570
 6707
 7200
 7993
 1464
 2440
  583
 7349
 1391
 4112
 5879
 5992
   91
 2752
 1867
 7913
 8428
 7153
 1967
 5377
 4843
 4891
 6579
 4947
 4140
 1051
 2429
 4548
 7592
 6793
 4674
 6764
 5922
 5332
 2798
 3459
  936
 2674
 1387
 5701
 7921
 3812
 7722
 1714
 5442
 3390
 2111
 3260
 5365
 6997
 7935
 7359
  347
 7324
 7353
 3764
 3179
  828
 8529
 3674
  732
 4935
 1729
 3815
 6228
 1695
 1598
 3113
 1940
 6183
 1757
 4315
 2969
 7287
 2446
 1877
 2739
 4729
 3573
 4867
 7357
 7577
 7321
 5547
 2775
 6145
 3436
  362
 5723
 4150
 3988
 7019
 5893
 6573
 2214
 5445
 5018
  160
 2897
 4559
 6411
 3844
 5937
 4668
 5124
 3668
 3412
 1117
 7569
 1008
 6134
 2507
 4115
 4732
 7535
 8472
 6181
 2105
 5560
 2941
 3574
 4339
 2332
 2402
 8230
 1018
   84
 5380
 5299
  213
 6949
 8437
 2328
 1486
 2857
 5310
 2889
 5567
 2153
  979
 5504
 7784
 3010
 2228
 1480
 5487
 3246
 5994
 6434
 2982
 3565
 2916
 4761
 7034
 6534
 5649
 2899
 4347
 4131
  430
 4275
 4730
 2031
  873
 6562
 2662
 3857
 7693
 2814
 7817
  645
 8509
  535
 6314
   29
 7540
 7493
 3060
 4894
 6036
 5942
 6218
 7730
 8294
 5655
 4767
 3452
 5182
 2724
 2453
  272
 4893
 7077
 3960
 7985
 2514
 4574
 3657
 8442
 1001
 6443
 8542
 7796
 5144
 7666
 6405
  614
  284
 3914
  108
 8466
 3941
 2923
 4998
  159
 2221
 3404
  743
 3804
 8319
 7350
 2041
 7926
  905
 1376
  841
 3273
 1691
 2262
 6958
 7549
 6813
 5099
 5438
 4874
 4614
 2466
  628
 2150
  644
 3344
 6313
 5385
 3323
 1811
 4474
 1290
 2967
 3947
 7789
 4605
 8084
 7897
 2428
 6621
 5580
 1405
 4307
 4023
 5834
 6642
 3582
 2935
 4756
  297
 3432
 4057
 5740
  845
 1834
  656
 3338
 7221
 3964
 2994
 3945
 8295
 1337
  233
 6129
 6594
  799
 6626
 1302
 8233
 1243
 5968
 7039
 6755
 5832
 3341
 4005
 1311
 1754
 1363
 5878
 3340
  285
 7300
 5260
 6526
 8189
 2460
 7332
 1830
 8406
 3406
 4456
 5658
 2731
 2001
 5555
 2764
 4317
 3527
 1062
  868
 7280
  807
  261
 3840
  846
 7387
 4570
 2790
 7422
  300
 1916
 3752
 8070
 4890
  736
 5103
 6266
 3299
 5666
 5638
  515
  800
  838
 3609
 6833
 6322
 3025
 1353
  930
 2036
 4956
  657
 7768
 1195
  853
 4015
  139
  413
 2097
 7873
 3140
 2891
 2799
 2019
 5444
 8376
 8418
 1642
    4
 6735
 1418
 5210
 2565
  161
 3076
  790
 5211
 2313
 2347
 8055
 1864
  410
 3281
 3915
 2957
 4769
 8387
 7909
 6457
 2568
 2091
 7836
 3611
 7041
 7059
 7187
 1394
 7668
  194
 7500
 3662
  127
 6424
 1725
 5313
 1734
  361
 2331
  734
 8263
 1420
 5840
 7794
 4797
 1650
 8261
 7541
 2920
 4492
 3423
 4423
  255
 2991
 4221
 6770
 7406
 2053
  918
  641
 7212
 3128
 3829
 3085
 4698
 2671
 1400
 4645
  330
 4436
 3589
 2532
 6400
 6752
 2861
 1007
 7227
 6433
 2738
 3241
 2910
 7104
 6044
 1676
 1808
  333
 7908
 1135
 5527
 5367
 8060
 7431
 1223
  534
 2159
 3498
 2468
 6325
 1429
 3633
  350
 5085
 4528
 5044
 2225
 7511
 2786
 2070
 3965
 2134
 4429
 3168
 3466
 8556
 3318
  198
 8427
 2049
 6009
 4836
 1658
 6297
 7990
 1441
 2577
 4333
 5924
 5315
 3270
 1732
 6463
 4310
 6104
 6148
 7297
  479
 3817
 4332
 5793
 2886
 5372
 6393
  247
 3716
 7977
  631
 2227
 5309
 4096
 3153
 6301
  468
 5414
 3926
 4427
 7824
 4569
 5398
 4081
 1850
 2131
 4714
 6010
 2644
 2142
 1958
 4155
 6876
 7435
 5296
 6488
 5160
 5762
 6582
 4272
 8373
 6269
 1484
 6402
 6299
 8532
 7871
 1096
 3517
 7177
  907
 5953
 2370
 3310
 1697
 7945
 1175
 5206
 2058
 7942
  171
  782
 7392
 6487
 2638
 3848
 8321
 6515
 3983
 1083
 6999
 6843
 4727
 4621
 7566
 8253
 2059
 2919
 8188
 6264
 4969
 8286
 4694
 3778
  665
 1339
 5523
 7233
 1507
 3799
 7296
 4575
 3399
 4302
 7599
 3511
 1935
 2204
  231
 1491
 8460
 3199
 1739
 7268
 7904
  308
 8002
 4808
 1011
 1856
 2182
 5914
 7900
 7192
 8255
 5168
 4811
 5009
 8537
   19
 4205
 8357
 5186
 8198
 7868
 2358
 8118
 1458
 5227
 4598
  689
 7031
 2498
 6392
 7593
 1432
 8329
 2783
 6869
 7071
 6952
 7198
  747
 1502
 1144
 5460
 2677
 4222
 2963
 6941
 2125
 7613
 6286
 4699
  438
  358
 7204
 4375
 4531
 7820
 3669
 5748
   16
 4365
 5427
 8274
 4832
 6156
 2156
 4786
 8172
 7832
 7603
 6470
 5582
  365
 1237
 2649
 3688
 7791
 4481
 5071
 8280
 5058
 2769
 6909
 2392
 3703
 6490
 8086
 7182
 1081
  642
 8375
 3913
 4027
 5964
 2124
 8281
 4417
 5111
 8382
 5772
 5885
 4325
  324
 3442
  996
 5072
 3217
 8423
 3883
 3702
  663
 7734
 6864
 3869
 7573
 4914
 6723
 6607
 6560
 1334
 1191
 1977
 3981
 6974
  823
 2093
 1235
 2137
 3280
 1576
 7795
 6093
 3374
 5731
 4460
 5787
 6653
 5106
  729
 3894
 6350
  611
 5011
 4198
 1038
 8033
 7505
 2898
 6477
 6494
 4783
 4241
 3196
 8121
 2024
   24
 3257
 5863
 7838
 6563
 2354
 3209
 3922
  976
 8456
 6233
 5356
   11
 6566
 3513
 7281
 1962
 3293
  596
 3884
  153
 3091
 1613
 1161
 3053
  870
  547
 6223
 7643
 1746
 2934
 4213
 3149
 5261
 8093
 7329
 4711
 1263
 6479
 1022
 4336
 1301
 5562
 7472
 4780
 6553
  981
 6150
  221
 3909
 2713
 1320
 1498
 5428
 3898
 1299
 2791
 1148
 6131
 4526
 7747
 8052
 1463
 2104
 3825
 8047
 4515
 2634
 4287
 2078
 5741
 1748
 1828
 7555
 2013
 5421
 4021
 4854
 7023
  424
 1911
 7576
 7672
 4048
 5850
 4405
 2353
 7224
 5812
 1269
 4684
 1023
 2107
 8513
 1960
 6557
 7638
 1071
 2304
 2452
 2397
 6658
 2962
 4925
 2750
 5102
 3985
 3450
 4592
 5843
  697
 4646
 6460
 7117
 4490
  354
   85
 6790
 6428
 2329
 7020
 2543
 4726
 7939
 2876
 5474
 6381
  852
 2821
 5394
 2951
 6385
 6775
 5149
 2456
 7682
  597
 7088
 7112
 8296
 7316
 5198
 7432
  699
 3664
 2978
 3667
 3431
 7114
  302
 5415
 5098
 2189
 4014
 7033
 6799
 2693
 6245
 8483
 7475
 3275
  408
 4165
 4881
  880
 4959
 7293
 3744
  598
 8102
  323
 4503
  109
 3722
 1069
 7989
 3445
 6511
 4007
 7608
 3448
 1913
 5196
 8124
 1777
 1669
 8122
 8346
 1901
 7616
  280
 5484
 7147
 8527
 5411
 5493
 6890
 6209
 3562
 6174
 3962
 4197
 1868
 5755
 8065
 7080
 7168
 5960
 3651
 7189
 8536
 1217
 4196
 2098
 1488
 5353
 5086
 6359
 1668
 6034
 3919
 7302
 5767
 2617
 5281
  508
 8517
 4809
 8228
 1562
 7645
 3800
 3828
 4409
 7999
  310
 1957
 5373
 3018
 5534
 3068
 1200
 3194
 6151
 6040
 3646
 6430
  849
  957
 3679
 3754
  958
 3758
 5034
 2488
 5699
 1386
 6886
 6309
 4974
 4975
 6548
 7811
 8525
 1538
 5502
 4006
 3561
 7260
 5284
 3388
 3485
 6914
 3556
 4723
 7487
 8117
 6646
 1142
 6880
 4795
 1097
 8169
 4184
 1472
 3918
  208
 5855
 4308
 6866
 4863
 7744
 3458
 4431
 2451
 5862
 6795
 2930
 8028
 4109
 6964
  246
 2954
 4941
 5575
  720
 6556
 7450
 4896
 5544
  474
 6985
 5799
 2588
 7161
 4721
 7105
 2403
 7971
 1408
 4187
  633
 3282
 1790
 7115
 2597
 4815
 3927
 7027
 1204
 1752
 3288
 6362
 3796
 4683
  464
  162
 3776
 5370
 8196
 7053
 2312
 6059
 5280
 1390
 3975
 3824
 2037
 3438
 5705
 7598
 4256
 3647
 5808
 7580
 1760
 1331
  983
 2289
 8402
 2162
 1482
  526
 7841
 5040
  723
 3236
 2338
 1678
 1803
 4330
 5913
 3232
 2810
 2701
  277
 8561
 5993
 2417
 6270
 1837
 5432
 2958
 1374
 7205
 3658
 5644
 1816
 4899
 1536
 4512
 5829
 6503
 6962
  908
 3903
  390
  214
 5471
 1369
 6854
  829
 6981
 7223
 7090
   12
 8064
 1770
 6516
 6622
  437
 3143
 1765
 6728
  355
 8306
 4847
 4151
 1021
 5155
 4713
 5870
 4446
 6250
 6835
 8393
 1450
 1125
 4170
 8371
  659
 4152
 7878
 1607
  281
 2219
 2680
 4223
 8144
  392
 5712
 3974
 7400
   38
 1892
 8085
 4279
 1872
 3381
 8338
  623
 3887
 8251
 3490
 5232
 4658
 1126
 6610
  315
 6633
 8162
 7476
 5068
 1342
  745
 6578
 5949
 5857
 6696
  125
  289
 6330
 3908
 8405
 5533
 8194
 6238
 3683
 1397
 7621
 4830
  186
 4278
 3580
 3692
  452
 6076
 4516
 4254
 8080
 3084
  766
 2185
 6935
 5423
 8541
 4973
 6171
 5790
 3193
 3638
 7311
 6401
 4183
 3090
 7066
  767
  282
 7173
 2143
  440
 1914
 6763
 6332
 1046
 2419
 1652
 1462
 7049
 6686
 3567
 5172
 5545
 2976
 6027
 2122
 3350
 7589
 6694
 3996
 8048
 3835
 1307
 5904
 5726
  774
  686
 6283
 2336
 2205
 2395
 1989
  627
 4458
 7197
 7003
 6926
 5041
 5951
 8175
 2912
 5989
 5519
 8290
 1656
  533
 6094
  568
 1821
 3978
 2631
  735
 1428
 8341
 6542
 2249
 5069
 3721
 6845
  555
 4661
  279
 4904
 2243
 3360
 4203
 1521
 3786
  621
 1629
 3144
  311
  371
   23
 3119
 1178
 6276
  938
 3148
 2760
 7445
 4164
 6616
  314
  394
 5024
 3070
 4243
 8447
 7325
 4750
 5737
 6376
 7149
 3467
  400
 6749
 1163
 8480
 1747
 4074
 8267
 6871
 2961
 7131
 7861
 3067
 6840
 5881
 6070
 1826
 7313
 7016
 3619
 3819
 7961
 1903
 5546
 5230
 1213
 4271
 1224
 5189
 5935
  551
 6042
 5583
 4859
  249
 1527
 3956
 3704
 2048
 5702
 6149
 1635
 2179
 4892
 8287
 6597
 6892
 8507
 5528
 1157
 3429
 7232
 3204
 5054
 4814
 5298
 4821
 2232
 5806
  706
 5263
 4269
 2787
 3457
 3279
 2852
 8209
 2356
 3182
 4159
 3850
 5656
 4757
 4265
 5481
 7188
 1045
   62
 2154
  889
 4209
 8239
 4257
 5166
 7609
 1277
 5494
   46
 6528
 4106
 2101
 3071
 6235
 7017
 6184
 7506
 7678
 4728
 5926
 3479
 1265
 3882
 6987
 7013
 7601
 6817
  466
 7888
 4884
 8090
 1836
 3880
 5682
 8520
 4095
 1443
 4300
 8417
 2842
  753
 3689
 1818
 5250
 5074
 2348
 5331
 3121
 6090
 7380
 5294
 5118
 5763
 2082
 2359
 1080
 7011
   75
 2030
 6177
 2512
 2371
 1727
 6348
 7698
 5053
   22
  797
 6198
 2955
 2025
 3088
 3637
 2269
 1073
 5651
  539
 8201
 4609
 6394
 1489
 7083
  373
 5057
 7984
 8166
  112
 2913
 4286
 1255
 1567
 8100
 3032
 7337
 2409
 8380
 5507
   13
  792
  487
 3604
 5540
 4424
 3434
 5773
 6081
 3663
 7207
 7156
 4053
 5838
 7492
  620
 2242
 2829
 1854
 7211
   70
 1504
 6808
 4425
  876
  417
  269
 4327
 6105
 1330
  944
 5154
 5080
 2844
  584
 2965
 8558
  629
 5078
  847
 5884
 7326
 1845
 3794
 2408
  536
 8547
 4952
 8388
 6051
 3033
  425
 2365
 2908
  796
 5425
 5950
 4410
  492
 5821
 3849
 6822
 4392
 1776
 6933
 5814
 2050
 6300
  254
 2136
 4623
 5548
 5270
 1570
 4433
 2426
 1010
 7647
 5170
  758
 3284
 6341
  353
 5384
   78
 8361
 3296
 4101
 5995
 5791
 6824
 8183
 1581
 2207
 5908
 2542
 7557
 5873
    6
 5209
 4121
 7770
 4672
 5513
 8322
 6612
  724
   82
  455
 5642
 4175
  260
 2343
 7918
 4216
   52
 5489
 5123
 1888
 1886
 3745
 1168
 6162
 8313
  363
 5921
 7949
 2558
 4163
 2275
 5135
 2678
 4820
 3059
 4521
 4746
 6305
 5371
 2100
 2230
  396
 5996
 6922
  912
 4525
 3878
 2391
 5899
  328
 6030
  822
 6186
 3969
 4763
 7781
 8212
  337
  899
  434
 8147
  258
 5145
 1858
 4616
 6815
 1105
 5208
  875
 5526
 6419
 4965
 1106
 6702
 4388
 3613
  914
 6662
 1066
 2639
 1112
 3853
 5522
 6760
 3311
  814
 4655
  610
 8545
  329
 8365
 5765
 7193
 4345
  793
 3989
 4871
 7813
  585
 1545
 1548
 4911
 3532
 8390
 2148
 3780
  292
 6549
 1619
 2499
 6100
 6214
 1565
 3605
  964
 2411
 4434
 5176
 1690
 2734
 4094
 4751
 2630
 1074
  151
 4693
 1956
 4819
 2355
 5256
 6154
 6780
 3798
 1685
 3212
 2327
 4927
 1350
 3955
 8343
 1804
 4247
 5867
 7870
 8019
 6388
 2302
 2580
 4098
 2836
 6416
 7345
 3343
 5386
 7906
 2193
 4384
 8506
 6294
 6082
 4707
 1730
 6004
 1244
 3542
 8168
 1306
 6620
  604
 1186
 7658
 2840
  509
 3942
 6296
 5792
 2938
 8524
 4585
  459
 1661
  469
 3464
 7694
 1608
 1596
 1611
 1239
 6605
  397
 4407
 6756
  887
  460
 3061
 7184
 3546
 5498
 3968
 4099
 3176
 6242
 3787
 7774
  239
 5823
 6253
 6806
 6318
 6518
 8020
 3726
  453
 7176
 5923
 4985
 6998
 1794
 1343
 4103
 3122
 8108
 6361
 6489
 3216
 7122
 7126
 3389
 2809
 5402
 4255
 2083
 5364
 1829
 8270
 5193
 7650
 5464
 3012
 5718
 8260
  687
 7890
 8186
 8024
 8539
 6960
 4788
 3208
 7183
 3923
 2208
 5012
  832
 4850
 8446
 6007
 2715
 6740
 3007
  494
 5842
 2407
 5468
 7713
 5508
 8053
 3003
 4633
 1666
 5496
 6807
 6774
 7585
 7065
 6379
  391
 3178
 2149
 4372
 6328
 7229
 6014
 3653
 6175
 5286
 1389
 5667
 1327
 2691
 4567
  639
 6173
  622
  993
 7851
 3584
 1234
 5536
  855
 3889
 7955
 3852
  990
   92
 4705
 5618
 3767
 7503
 2043
 1735
 7934
  301
 2918
 4181
 2140
 1558
 2317
 8046
  715
 3066
 1594
 1706
 1289
 5322
 6532
 5641
 5347
 6731
  562
 7808
 8339
 5673
   37
 3446
 6176
 4085
 6166
 4396
 2007
 5114
 5177
 8223
 1639
 4589
 3001
 4025
 5883
 4033
 5357
 2608
 5094
 8514
 7622
 6647
 4607
  306
 2516
 1028
 7947
 2672
 3931
 2667
 2900
 4116
 7264
 1373
 5620
 7987
 5073
  854
 1733
 7667
 1517
 2837
 6895
 6882
 6567
 5657
 3826
 6925
 6377
 3132
 1505
 5831
 5753
 4387
 5028
 4557
 5020
 4176
 8258
 7309
 4401
 6970
  317
 8345
 4715
 7203
 6663
 7413
 6846
 8216
 6701
 7411
 7847
 6478
 3022
 1499
 4497
 4735
 5975
 8203
 6911
 2121
 5875
 2106
  851
 4341
 5587
 2733
 7132
 7815
 5717
  431
 1412
 2113
 3354
 8549
 4259
 7633
 2981
 3929
 8540
 3740
 6954
 2361
 7907
 6546
 5931
 6991
 1887
 5433
 1942
 5422
 1152
 5025
  131
 1118
 5043
 2668
 1146
 5185
 5167
 3952
  152
 3563
  100
 1781
 6438
 3057
 6968
 8062
  411
 5874
 4046
 4657
 8211
 8384
 6352
 6842
 4764
 1624
 7047
 3309
 6308
 5766
 2828
 5002
 6334
 6268
 4128
 3594
 1170
 6178
 7845
  572
  278
 4629
  963
 2526
 4145
 2094
 3811
 5157
  227
 8133
 4920
 7001
 8464
 3510
 8195
  679
 1179
 3813
 2774
 5100
 1027
 5259
 7478
 8318
 7428
 5304
 5623
 5267
 7473
 3165
 8400
 2192
   48
 1702
 1129
  795
 3590
 6543
 8374
 3943
 4951
 3810
 5324
 6888
 4666
 4357
 6994
 3632
 6039
 4868
 3639
 4953
 3321
 4601
 8257
 4234
 1145
 5104
  257
 2085
 4612
 3949
 5097
 2904
 5678
 8301
 5088
 7793
 3040
 2624
 7040
 7691
 3433
 7330
 3329
  245
 6902
 4673
 3358
 4834
 8289
 1207
 2003
 1379
 5105
 3756
  242
 2183
 4227
 1891
  387
 3860
   71
 6358
  748
 3568
 5454
  850
 3641
 1470
  370
 3177
 6533
 2817
 6823
 1758
 5505
 8354
 5750
 2224
 5746
 5237
 7206
 8229
  356
 8395
 7009
 1140
 1681
 5220
 4772
 6370
 1591
 1801
 2442
 8068
 2129
 4929
  664
 4963
 8083
 4949
 2515
 1137
 4343
 6512
 7928
 3164
 6857
 7133
  730
 3870
 6514
 3058
  626
 6349
 4153
 5287
 4837
   58
 4692
 2660
  345
 5853
 4545
 2080
    1
 4779
 4656
  877
 2303
 3243
  803
 3618
 1193
 4001
 3539
  399
 2794
 5928
  368
 4324
 1595
 4009
 7341
 1438
 6019
 7686
 4149
 1107
 5900
 1933
 7652
 3294
 6771
 4572
 4992
 1115
 3181
  456
 4796
 7457
 8218
 2556
 1202
 1039
 2911
 3791
 4918
  783
 1778
 1708
 6950
 5412
 6091
 2896
 3326
 5443
  718
  804
 1162
 7482
 2163
 5184
   33
  173
 5271
  771
 4720
 6277
  931
 4408
   98
 6944
 5131
 7439
 3049
 7371
 1825
 3555
 3224
 4390
 4207
 7829
 4044
 1718
 2527
 5005
 1832
 1841
 3586
 6821
 3526
 5613
  523
 4817
 6502
 7448
 3785
 7379
  554
 3046
 6963
 6971
 2203
 2352
 2410
 8245
 1281
 5861
 1721
 3631
 5342
 1194
 4303
 8224
 2381
 2508
 5228
 7347
 3856
 7877
 5321
 3393
 3081
 1210
 5029
 7991
 5805
   79
 4798
 3441
 8123
 3387
 5697
 8479
 1309
 1628
 2311
 1587
 4304
  415
 5556
 5794
 6632
 5754
 7190
  956
 7386
 1741
 7290
 1546
 3803
  187
 3444
 4125
 5759
 3559
 3365
 2418
 7172
 3361
 2853
  701
 4981
 8000
 1318
 2846
 5715
 7737
 2241
 5233
 7735
 3298
 1076
 3788
 2616
 1582
 3114
  933
   10
  943
 2109
 7240
 1823
 1791
 1820
 5944
 4289
 6194
 4277
 4233
 7739
 1455
 6395
 3364
  451
 5340
 7916
  590
 7402
 4288
 5038
 3271
 7755
 6984
 8107
 6637
  107
 2177
 2767
 6654
 3135
 4382
 4442
 3907
 4248
 6903
 1368
 4142
 4972
 2316
 7584
 4464
 6142
 5247
 3648
 3789
 7307
  874
  991
 5577
 3925
 7086
 4665
 1855
 4500
 6919
  864
 5052
 4118
 1532
 2835
 3932
 2152
 6219
 2851
 2323
 2765
 7839
 2404
 3154
 1209
 6251
 8436
 5677
 2333
 3753
 3599
 1216
  157
 4862
  120
 2459
 1431
 2251
 8368
 7840
 8069
 1035
 6618
 6263
 2319
 3186
 5302
 3075
 2650
 8072
 5485
 4395
 7179
 4242
 1002
  882
 1985
 7719
 5916
   59
 7181
 1564
   49
 3514
 1128
 1784
 2081
 3940
 1065
 1033
 3980
   65
 8403
  575
   61
 5982
 1295
 7393
 4580
 7692
 1399
 4127
 2871
 6810
  205
  770
 5774
 3665
   21
 5690
 7963
 6023
 6103
 1085
 5030
 3142
 6586
 6116
 4231
 3101
 5134
 5976
 7931
  435
 5035
 1593
 4360
 4880
 8003
 8272
 7078
 6189
 5630
 1780
 8217
 7291
 3695
 5146
 7816
  970
 2286
 8325
 4921
 3924
 4566
  806
  987
  967
 1563
 5868
 3074
 5495
 1287
 4132
 2213
 7106
 2652
 6523
 3990
 3317
 1044
 8023
 4344
 4195
 8111
 3324
 2188
 1508
 3760
  398
 8426
 2746
 8114
   88
 7339
 1291
 2509
 6527
 5075
 7178
 4872
 5633
 1422
 6355
 4059
 4191
 5293
 6331
 7045
 8097
  401
 8476
 1602
 8273
 2324
 4319
  263
 6451
 5554
 3928
 3958
 2168
  646
  894
 7257
 7185
 6182
 1881
 8092
 6285
 6257
 8432
 7835
 2870
 6939
 4744
 2087
 6224
 6128
 3806
 6901
 2602
 7757
 2780
  827
 5749
 1759
  228
 5354
 2959
 4270
 7639
 4273
 7833
 4156
 5194
 3842
 6202
 6829
 4348
 2605
 7288
 1249
 5724
 7100
 1264
 5320
 4790
 5269
 2676
 2762
  148
 5479
 6891
 1782
 2827
 4677
 8173
 4686
 6439
 4777
 5350
  220
 3993
   87
 8554
 5348
 5869
 8015
 2506
 6652
  293
 7403
 2653
  377
 3750
 5004
 2439
 2823
  190
 3449
 7837
 2856
 4071
  276
 7901
 5890
 5816
 5733
 2956
 4318
 8005
 5917
 7076
 6064
 1904
 6088
 6811
 7220
 3625
 2416
 6531
 1812
 1332
  450
 1534
 8135
 8073
 1540
  191
 3099
 5022
 3336
 1437
 2064
 2772
 4062
 3331
 2449
 4561
 1861
 2714
 5400
  439
 2518
 6555
 6754
 1407
 7662
 6896
 5420
 3661
 6458
 5060
 1259
 5742
 3659
  416
  698
 4807
 2915
 7967
 2186
  947
 3357
 3627
 6486
 7510
 7116
  741
 1701
 5190
 5092
  740
 3306
  175
 5047
 3900
 7762
 1404
  935
 7453
 4294
 5776
 8421
 6709
 7729
 7246
 1936
 7696
 3588
 6383
 8490
 6159
 6889
 6698
 4520
 3107
 4803
 1612
 2590
 3005
 6310
 7262
 4792
 5404
 2970
 3468
  670
 4003
 7834
  951
  500
 2659
 7556
 5594
 1684
 5446
  946
 6972
 8559
 8174
 6011
 6588
 3930
 6079
 5846
 1657
 5872
 8504
 6853
 7436
 1663
 1205
 6978
 5201
 5760
 6838
 8366
 6772
  442
 5161
 2257
 4117
 2549
 6670
 4370
 6596
 5307
 5406
 2995
 7718
 6712
 4841
 3227
 5929
 8219
  886
 1375
 6920
 1673
 3348
 2710
 6961
 7749
  124
  312
 4937
 6643
 6097
 2326
 7259
 1227
 2342
 2084
 7069
 6684
 5500
 3992
  842
 5213
 1435
 3630
  145
 1884
 4313
 7301
 2550
 2805
 3783
 7068
  898
 4679
 2551
 3185
 2927
 1979
  836
  960
 4354
 2028
  612
 1460
 7074
 1188
 6746
 4960
 7865
 6018
 6942
 6211
 3174
 5538
 6940
 3463
 7438
 1749
 4411
 2612
 4620
  529
  737
 4206
 2123
 7282
  486
 4212
 6996
 4801
 5647
 1403
 3435
 6130
  149
 7164
  418
 7079
 5892
 8440
 4356
  432
 4595
 5458
 6071
 2128
 6849
 6894
 1912
 8149
  923
 2490
 4856
 2366
  403
 4236
 1793
 8455
 1043
 5711
 1998
 6993
 5597
 6870
  815
 1050
 6406
 7091
 7915
 4093
 3147
 6254
 5300
 7764
 1070
 5392
 2026
 2839
  594
 3214
 4084
 3278
  658
 5199
  560
 6679
 7061
 7513
 1102
 1030
 6043
 7522
 7512
 1789
 8407
 2126
 7150
 3654
 7404
 3715
 5635
 7055
 1566
 6137
 8300
 7515
 1860
  344
  672
 4543
 6820
  144
 4782
 3375
 3086
 5987
 6699
 5465
 5732
 1949
 1267
 4102
 4970
 2357
 2929
  890
 2132
 5614
 4448
 3173
 6216
 3901
 7937
 4476
 7823
 4173
 7320
 3530
 7927
 1986
 1090
 4463
 3356
 7352
 7814
 3935
 6667
 7480
 8247
 1433
 4591
  342
 2364
 3720
  965
 6948
 5055
 7746
 6407
 5734
 8164
 2881
 3504
 3021
 8012
  833
 5920
 7029
 1514
 7740
 8030
 3832
  756
 3677
 6418
 2946
 3735
 1272
  913
 2175
 2135
 7317
 1279
 6664
 1574
 4909
 3544
 6725
 3118
 7346
  985
 3055
 2383
 1150
 6098
 1246
 8516
 5326
 1203
  681
 5171
 5612
 5646
 4938
 7323
 4146
  241
 1813
  888
 3885
 7085
 5478
 3537
 8500
 2744
 6258
 1440
 7724
 4773
 8431
 1530
 8126
 4369
 4716
 5530
 1297
 1031
 2044
 3727
 7310
  649
 5360
 4552
  744
 2482
 1335
  959
 3707
 1280
  746
 5818
 8241
 4571
 7376
 7803
 5552
 7158
 1683
 7504
 6485
 2620
 4422
 8007
 6032
 1229
 8478
 8059
 1670
 1625
 7893
 2736
 6554
 3497
  126
 1705
 5934
  893
   93
 1898
 5969
 6743
 2462
  757
 4522
 4977
 1677
 1087
 6063
 4838
 5128
 6827
 7279
 3195
 8161
  872
 1674
 5826
   57
  540
 6113
 3108
 2399
 4586
 5602
 7442
 7720
 8210
  498
 7010
 2479
 2171
 6437
 2636
   28
 3315
 8381
 8546
 6226
 6584
 8412
 1341
 5405
 1866
 6058
 4697
 5344
 5462
 4049
 6831
 7943
 6744
  480
 1926
 3240
 4430
 7736
 2190
 5745
 7004
  528
 8157
 2445
 8336
 2622
 7254
 5173
 3895
 4717
 4824
 3274
 1042
 2187
 6473
 6372
  138
 8142
  427
 4758
 6559
 1354
 4440
 7869
  303
 1110
 1516
 1345
 6595
 1802
 1654
 2692
 7957
 7711
 3670
 4040
 1878
 3155
 7372
 7892
  136
 1132
 7334
 7377
 7558
 5889
 8487
  501
 5440
 1964
 7695
 3881
 4825
 5902
 7213
 2610
 4709
 1240
 4599
 5276
 3607
 2112
 2771
 2467
 6825
 2075
 1075
 7986
 1859
 1664
 3220
 3984
 7960
 6734
 8160
  286
 3623
 1895
 7407
 5095
 6992
 2420
 4208
 2169
 2367
 2421
 2334
 2688
 2537
 7806
 3197
  779
 3328
 6634
 8550
 2595
 1948
 5590
 2018
 1737
 1529
 1689
  709
 2201
 6193
  335
  316
 2164
  465
 8259
 2868
 8293
   43
 3126
 4993
 6715
 4774
  692
 7758
 1853
 4469
 5343
 7363
  891
 2447
 2948
 7463
 6066
 7637
 3405
 2939
 3946
 5008
 7067
 1857
 2325
  883
 5795
 2779
 7048
 6798
 2405
 3258
 2756
 2533
 3103
 1994
 5126
 3782
 3312
 2330
 7962
 4137
 5595
  558
  207
 6773
 7355
  395
 6013
 7298
 2089
 4292
 5758
 1056
  340
 7064
 6495
 1104
 1198
 4776
 1068
 4594
 5090
 2582
 2623
 5027
 1711
 4523
 7483
 2571
 4529
 6206
 8283
 5217
 7139
 5674
 6979
 2116
 6631
 6021
 2250
  341
 5687
  561
  248
 1786
 7322
 8448
 1900
 5801
 6247
 2952
 4134
 7821
 1918
 1084
 5413
 1257
 2808
 1571
 6636
 8425
 5836
 5663
 4749
 3830
 2541
 8138
 5866
 1446
 4120
 6936
  653
 1406
 1682
 8199
 6980
 2554
 3248
  945
 8051
  871
 4035
   73
 2401
 2246
 7159
 8508
 6703
 2454
 1899
 8242
 5589
 2535
 5537
 4648
 2102
 1444
 4219
  733
 1154
  998
 1060
 5907
 4364
 5001
 5158
 4355
 6745
  950
 7443
 6366
 4706
  972
 5948
 4535
 5730
  367
 7073
 4301
 2433
 6185
 4041
 8481
 1326
 3106
 6718
 7634
 2170
 5585
 5807
 6641
 1640
 3874
 1208
 3863
 7597
 2626
 6164
 5408
 6380
 4029
 5990
 2883
 2578
 1953
 7338
 5180
 2999
 3866
 3370
  433
 4910
 2068
 7140
 3575
 3244
 7025
  785
 1427
 7433
 1082
 7528
 2206
 1688
 3400
  267
 8337
 5292
 1284
 5197
 7595
 8208
 7979
  502
 2793
 4420
 8237
 5032
 7056
 3491
 2711
 2884
 3732
 6122
 7102
 4733
 6929
 2987
 3285
 4839
 2643
 6587
  331
 2307
 3421
 4331
 1245
 2276
 7312
 3234
 4954
 4861
 1679
 2014
 3167
 6665
 7778
 4419
 8429
 3111
   40
 6232
 3150
 3249
 8041
 1496
 6050
 7571
 7119
 6282
 1740
 7886
 1824
 1049
 1248
  844
 4593
 8134
 2505
 3774
 4483
 1478
 6797
 4245
 2979
 1626
 3382
 4573
 3690
 1805
 2138
  366
 8057
 1057
 2663
 2859
 4664
 7914
 1088
 1414
 5810
 4124
 3624
 4511
 3384
 3475
 2895
 1671
 1655
 4119
 8356
 2374
 2086
 2110
 3543
 8232
 5387
 4051
  212
  420
 1615
 2905
 3052
 6847
 6187
 7848
 4215
 4934
 7231
 3198
 4752
 7238
 6975
 5345
 6938
  977
  291
 7082
 6957
  495
 2628
 1875
 3515
  216
 4519
 5133
 3322
 2394
 8269
 4968
 8021
  624
 6858
  570
 6720
 3054
 5581
 7266
 4496
 4374
 7125
 1294
 7831
  858
 3655
 1896
 7950
 5903
 7891
 6872
  521
 7887
 7674
 6074
 4468
 2337
 3843
 7417
 2314
 2669
 2917
 3757
 5927
 6660
  675
 7978
 8264
  613
 2234
 3043
 3545
 8119
 8081
 7255
 7128
 1522
  619
 3598
 6136
 4362
  325
 5698
 3518
 2737
 7018
 2309
 3640
 2054
 7846
 1467
 3712
 4091
  835
 4546
 2245
 3628
  592
 7362
    5
 1130
 3308
 4249
 3078
  497
 7872
 7665
 4282
 6629
  189
 6726
  630
 5139
 1378
  516
 3460
 1164
  470
 7533
 8415
 3706
 7516
 1261
 3369
  860
 1019
 2953
 2973
 1968
 8335
 4563
 4877
 2707
 2119
 4013
 4386
 5000
 1501
 3698
 1099
 2209
 2591
 5532
 2384
 6048
 6273
 3037
 6095
 3793
 4888
 1637
  879
 4251
 1512
 8177
 7710
 4113
  939
 5480
 8377
 1000
 7677
 3831
 4577
  223
 1890
  834
 3117
 6710
 2322
 2666
 5756
  825
 7054
 4671
 6265
 4649
 6230
 6037
 6336
 8413
 2010
 6356
 6661
 3766
  154
 1827
 5014
  522
 3680
  816
 3127
 7529
 5521
 2538
  937
 8089
 4169
 7970
 3749
 6507
 6414
 3684
 1445
 2657
 4793
 4077
 2888
 4576
 2431
 4250
 1506
 1415
  866
 4681
 1525
 2834
  895
 7685
 1041
 8359
 7705
 8036
 2985
 2344
 6868
 2950
 5378
  250
 3696
 6373
 7981
   31
 5681
  511
 6208
 6017
 5084
 3469
 8399
 6721
 7157
  762
 7468
 7426
 4882
 6342
 1965
 7201
 7683
  903
 3621
 5274
 4038
 1172
 6448
 4466
 2291
 7788
 7822
 2523
 6666
 3953
 8369
 5048
 7574
 1059
 5553
 2813
  848
 1700
 2297
  113
 6031
 5859
 5898
   35
 4068
 3873
 3492
 4328
 4778
 6125
 1176
 3579
 8422
 7378
 4789
 2294
 5957
 6784
 7537
 3319
   67
 7146
 2800
 7507
 4045
 3797
 6627
  407
 1256
 8159
 8165
 5624
 2305
 4704
 6561
 7911
 2850
 4229
 5967
 8098
 5561
 4455
 6953
 2726
  166
 2176
 2503
 3401
 6541
 8327
 1560
 4180
 6564
 3746
  862
 7753
 2430
 6767
 2220
 2598
 6271
 6639
 6288
 3250
 1605
 3713
 2606
 3728
  197
 6737
 3368
 1304
  155
 2047
 7356
 4787
 8190
 1814
 3203
  968
 4942
 7423
   86
 6118
 7731
 4188
 5783
 3771
  910
 6615
 5977
 5918
 4402
  789
 6932
 4855
 3769
 3050
 6234
 3551
 6052
 4582
 2720
 2021
  133
 5448
  513
 3334
 5466
  385
 3557
 4346
 4919
 4653
 8378
 7922
 3691
 7899
 2742
 2879
 4394
 5625
 4989
 7880
 2259
