  686
  932
  390
 1370
 2057
  249
  292
 1916
 1823
  780
 1156
 1811
 1835
   83
  807
 1132
  788
  111
 2082
  613
 1309
  793
  632
 1765
  703
  154
 1217
  692
 1403
 1585
 1049
 1782
 1077
  985
 2019
 1851
 1540
  739
  884
 1005
 2045
 1510
   70
  691
 1483
 1240
 1731
  477
   39
  853
  580
  927
  537
 1377
 1211
 1276
   58
 1260
 2066
 1844
 1393
  126
 1488
  336
   31
  997
  157
 1865
  909
  738
 1824
  340
   91
 1222
 1882
 1549
  476
 1223
 2020
 1255
   33
 1924
  601
 1343
  227
  598
  204
 1447
 1908
 1035
 1968
 2003
  532
 1257
 1472
  410
  702
 1770
  906
 1874
 1846
  617
  843
  447
 1498
  452
 1775
  961
  959
 1891
  597
 1730
  969
  760
  681
  382
 1817
  247
 1780
  198
 1742
 2049
 1399
 1617
  366
 1464
  510
 1903
 1216
 1195
 1202
  717
 1872
  521
  558
 1581
 1892
  104
 1172
 1478
  754
  528
  374
 1599
 1072
 1816
 1885
    4
 1007
  718
 1883
  315
 1374
  180
  278
 1841
 1196
 1868
 1683
 1919
  135
  133
 1760
  683
  998
 1311
  940
 2064
 1410
  839
 1206
 1388
 1278
  812
 2017
 1351
   71
 1301
 1347
 1941
  724
  828
  814
 1878
 1972
  530
   46
 1423
 1129
 1235
 1991
  764
  608
  919
 1586
  712
  454
  790
  937
 1681
 1209
  381
  150
  910
  993
  956
 1538
 1453
   17
  903
 1502
 1751
 1847
 1959
 1010
 2095
  264
  706
 1452
 1078
  325
 1905
 1312
 1877
  854
  124
 2043
 1367
  579
 1096
 1119
  982
  547
  197
 1931
  674
 1832
   76
 1626
  571
 1001
 1568
  352
 1989
  769
 2040
  900
 1709
  850
 1407
  427
  195
  664
 1672
 1754
  273
   61
 1548
  638
 1138
  211
 1521
 1766
 1332
 1073
 1857
  385
  573
 1215
  354
  578
 1736
 1335
  549
 1946
 1592
   15
  208
  994
 1719
  732
 1668
 2077
 1492
  708
  296
 1660
 1741
  894
  779
  534
  536
  639
  834
  520
 1459
  593
  134
 1491
 1867
 1458
 1480
   19
  488
   45
 1853
  250
  201
 1702
 1361
 1317
  519
 1700
 1785
 1629
 1762
  131
  196
 1839
 1293
  848
 1610
 1675
 1758
   18
  290
 2055
 1777
 1794
 1098
 1560
 1655
  671
 1836
 1588
 1544
 2059
  429
 1289
  921
 1721
  191
 1620
  874
   85
 2034
  119
   32
  175
 1638
  620
  342
   23
 1261
 1194
 1113
  945
 1354
  873
  116
 1101
  127
 2010
  486
  487
  911
 2107
 1093
  337
  144
 1131
 2046
 1300
 1799
 1527
  275
 1519
 1149
 1302
 1506
  827
 1123
  746
 1024
  485
 1633
 1980
  806
 2041
 2036
  587
 1866
 1297
 1654
  972
  846
  855
 1781
 1572
 1262
  757
 1666
  978
 1486
 1930
 2053
  121
 1366
  966
 1201
  892
 1954
  272
  495
  363
 1358
 1714
 1745
 1115
 1456
  253
 1688
  869
 1362
  625
  832
 1314
 1796
  332
  888
   37
 1065
 1746
  745
  665
 1144
  569
 1936
  417
 1363
  584
  426
  582
 1477
 2026
 1674
 1676
 1640
  589
  967
 1099
 1943
 1322
  647
  673
 1663
 1237
  880
 1404
 1522
 1636
   95
 1164
 1000
  398
 2102
 1046
 1776
 1520
 1715
   36
 1973
  783
 1109
 1726
  542
 1042
 1392
 1270
  635
 1214
 1705
 1573
  263
  242
 1402
  907
  438
 1313
 1517
 1541
 1942
 1727
 1978
 1652
 1961
  603
  970
 1935
 1518
  915
 2073
  595
  408
  950
 1501
  199
  974
 1601
   30
  755
 2038
 1525
  210
 1075
 1551
  303
 1298
 1468
 1126
   96
  373
 1028
 2015
 1395
  105
  799
 2103
 1649
 1523
 1563
 1116
 1460
  960
  178
 1427
  202
 2037
  551
  938
  221
 1869
 1153
 1281
 1664
 2089
  574
  623
 1793
 1761
 1860
 1365
  768
  267
 1717
 1040
  372
  817
 2068
 1369
  841
  765
  838
  177
 1051
  396
  898
  905
 1177
 1111
  508
    1
  831
 1493
 1828
 1091
   55
  504
 1218
  669
 1812
 1187
  646
 1280
  701
 1988
 1728
 1815
  179
 1152
   38
 1031
 1614
  657
  776
   65
   93
 1552
 1372
 1516
 1914
 2021
 1009
 1256
  758
 1306
  936
  512
 1658
  964
 1320
  847
  628
  720
  505
 2051
  804
  422
 1439
 1593
 1951
  762
  957
  184
 1999
 1838
 1383
 1437
 2011
 1644
 1469
  188
  449
 2009
  334
 1667
 1275
  977
  592
   50
 1718
 1895
  406
   51
  552
 1875
  622
 1282
 1530
 1574
   66
 2093
 1950
 1805
   27
 1412
 1061
 1631
  100
  929
 1986
  389
  458
  810
 1901
 1441
  705
  255
 1435
 2094
 1489
  419
 1855
 1861
 1897
  693
 1340
 1645
  679
  931
 1062
 1830
 1059
  365
 1650
 2110
  404
 1165
 1546
 1687
  384
  193
  771
 1083
 1208
 1041
  386
 2098
 1364
 1055
 1630
 1934
 1994
  973
 1186
 1939
  343
 1442
 2032
 1917
  883
  397
 1434
  220
  368
 1512
 1481
 1662
 2054
  277
 1175
 1461
 1173
  109
 1949
 1122
 1697
 2063
  538
 1571
  257
  677
    9
 1550
 1373
 1566
  462
 1242
  344
 1379
 1076
  233
 1661
  980
 1191
  947
 1608
  928
 1092
  140
  289
 2058
  819
 2109
  183
 1981
 1915
 1245
 1397
 2086
  280
 1801
 1380
 2076
  567
  310
  479
 1182
 1058
 1151
 1160
 1324
 1759
 1232
 1421
  774
  826
  920
 1831
  651
 1482
 1587
  304
 1121
  215
 1205
  281
  300
 1600
 1948
 1798
 1612
  678
  995
 1710
   57
 1053
 1704
  176
  887
  308
  192
  240
 1204
 1375
  581
  348
  298
 1795
  254
 1834
 1786
 1720
  317
  405
 2013
 1579
  251
 1140
  224
  899
 1792
 1929
  114
  649
 1233
   41
 1532
 1964
 1269
 1641
 2084
  822
 1258
 2018
 1622
 1279
 1444
 1748
 1349
  541
 1454
  309
  489
 1699
  416
  726
 1145
 1188
 1504
  107
   59
  411
  442
  859
  103
 1406
  785
 1400
 1085
 1189
 1706
  339
   60
  975
 1653
 2101
 1870
  302
  158
   53
 1933
  734
 1739
 1842
  763
 1323
 1011
 1784
 2070
 2108
 1419
  106
   10
  245
 1254
 1584
  772
 2004
 1107
 1484
 1886
 1637
  361
 1192
  234
  805
  312
 2052
 1611
  747
  802
 1238
  856
  925
 1016
   44
  146
  320
 1696
  676
  324
  619
 1735
 1166
  561
 1474
  362
 1691
 1054
 1814
  875
  770
  782
 1057
  560
  918
 1913
  327
 1707
  591
  379
 1547
  190
  338
  122
  659
 1788
  271
 2028
 2062
  314
 1889
  526
 1829
  168
  656
  654
 1094
 1346
 2060
 1283
  518
 1432
  935
 1651
 1231
  425
  329
 1982
  424
  565
 1618
  413
 2007
   42
  203
  232
 1987
  187
  870
  185
 1027
  612
 1328
  563
  441
 1124
 1904
  371
 1947
 1147
 1268
 2047
 1422
  863
  663
 1619
  259
 1405
  285
  857
 1682
    8
  833
 2096
 2048
 1556
 1067
 1466
 1684
 2016
  604
 2014
 1416
 1849
   98
  225
  600
 1642
 1033
 1845
 1695
  775
 1881
  376
  387
 1162
  605
 1368
  852
  524
  455
 1004
 1557
    6
 1048
  138
 1333
 1120
 1089
 1243
 1110
  658
 1353
  690
  871
 1253
  328
 1390
 1773
  825
   43
 1330
 1316
 1197
  951
   82
  618
  946
  689
 1594
 1087
   28
  394
 1348
 1095
 2087
 1808
  996
  147
   11
  258
 1220
 1210
 1247
 2024
 1438
  358
  879
  136
 1528
  749
 1025
 1983
 1425
 2083
 1711
  860
 1737
  723
  750
 2044
  864
  913
  393
 1418
 1634
   12
 1856
  666
 2079
 1749
 2005
 1286
 1060
  648
 1030
  652
 1689
  922
 1457
  634
 1864
 1449
  433
  451
 1178
  471
 2061
  695
  544
 1810
  206
  866
  923
  787
    0
 2078
 2033
 1117
  347
  468
 1837
 1591
 1534
 1167
 1424
  421
  533
  540
 1415
   13
 1747
 1578
  821
 1436
 1118
 1344
  672
 1956
 1769
 1802
  711
 1155
  815
  252
  341
  630
  293
 1647
 2091
  400
  223
  917
 1561
 1230
 1678
  248
  523
  456
 1086
 2006
   49
  355
  791
 1606
  229
  219
    5
 1945
 1008
 1003
  498
 1221
 1729
 1500
 1616
  688
 1026
 1570
 1305
 1508
 1068
 1291
  440
 1627
  944
  501
  472
 1725
 1398
  735
 1906
 1265
  878
 1274
  662
 1290
 1670
  633
  756
  170
 1708
  904
   52
  743
 1907
 1628
  213
 1659
 1604
 1044
  415
 1029
 1753
 1148
  402
 1063
  481
  952
 1677
  661
 1273
  395
  432
 1740
  467
 1750
  367
 2056
 1716
  141
  546
  943
  453
 2008
 1575
 1451
 2022
 1977
 1944
 1827
 1022
 1470
 1179
  189
  323
 1537
   86
 1097
  321
 1804
  987
  667
  990
   84
   77
 2105
  609
  503
 1825
 1006
  230
  346
 2067
  216
  722
   21
  370
 1485
  120
 1169
 1112
 1239
 2075
  727
 2065
 1018
  239
 1494
 1104
 1555
 1171
  283
 1013
 1752
  274
   34
  418
  484
 1199
 1350
 1226
  767
  380
  423
 1800
 1567
 1034
 1671
  473
 1862
  616
  265
   87
 1818
 1359
   78
 1176
  631
 1184
 1102
 1960
 1743
  499
  375
 1106
  113
  861
 1331
  269
  823
  446
  130
  182
  759
 1391
 1524
   20
 1679
   25
 1589
 1643
  244
 1789
  687
 2042
 1020
  830
 1558
  132
   56
  535
 1646
  522
 1476
  621
  867
  165
  162
   48
 1064
  492
 1288
 1819
 1163
 1779
  480
 1038
 1037
  443
  660
 1963
   26
  976
 1852
 1693
 1564
  924
  778
 1154
 1200
 1308
 1079
 1536
 1426
  704
  313
  268
  434
  999
  808
  741
  844
 1303
  733
 1307
 1047
  115
 1150
 1896
 1985
 1958
 1826
  160
  543
  836
 1181
  464
 1356
  241
 1821
 2030
 1822
  655
  194
  235
 1863
  954
 1471
 1227
 2085
  349
  930
  525
 2031
  751
 2069
 1995
  813
 1790
  886
   69
   81
 1768
 1635
  668
  803
 1505
  311
  680
 1219
  494
  266
  842
  448
  509
  236
 1898
 1229
  392
  163
 1970
 1553
  463
  238
 1342
 1127
  439
  740
  156
  576
  465
  388
 1884
 1598
 1143
 1141
  845
 1669
  307
 1803
  914
  151
  753
  614
  243
 1507
  159
 1791
  475
 1440
  212
  297
 1183
 1382
 1703
 1050
 1161
  588
 1414
  531
  391
 1607
  796
  725
 1019
 1103
 2106
 1859
 1576
  172
  858
  611
 1806
 1565
   73
 1446
  331
 1052
 1490
   22
 1778
  559
  896
  912
   47
 1734
  590
 1952
  955
 1665
 1168
 1497
 1656
 1128
 1613
 1246
 1336
  167
  316
 1559
 1100
 1021
 1134
  953
  989
  129
  493
  809
 1685
 1912
  435
  545
 1376
  529
  407
  696
  322
 1299
  466
 1902
  461
  902
  728
  507
  319
  837
  286
 1535
  798
  642
  226
  152
  117
  795
  214
  948
 1088
  908
 1360
  934
  641
 1888
 1850
 1511
  500
 1880
 1927
  490
 1136
 1724
 1158
  670
  420
 1893
  653
 1371
  330
   40
 1213
 1338
 1017
  207
  516
  125
 1920
  409
 1114
  318
  709
 1509
  145
 1069
 2097
  491
 1190
 1396
  773
   75
  748
 1979
  627
 1974
 1890
 1767
  294
 1203
  118
  784
  840
 1940
 1431
 1755
  637
  816
  557
  357
 1533
  568
 1259
  102
  350
 1928
  186
  699
  205
  710
  942
 1562
 1337
  962
  893
 1428
 1623
 1479
  882
   63
 1797
 1997
 1542
 2100
 1467
  112
 1582
 1071
  835
  276
 1389
 1918
  811
  497
 1996
  335
   64
 1090
  986
  450
 1002
  181
  868
  566
 1272
 1355
 2050
 1909
 1385
  716
  511
  482
   62
 1292
  926
  364
 1971
  675
  470
  333
 1321
  876
 1310
  885
 1732
 1569
 1450
 1241
 1295
 1686
 1463
 1462
  981
  881
   72
 1744
 1543
  714
  169
 1577
  360
  548
 1876
 1922
  148
  231
  262
  430
 1967
  824
 1879
  556
  849
  437
  698
 1580
  359
   88
 1694
 1712
 1975
 1809
 1248
  246
  761
 1966
 2035
 1723
 1142
 1976
 1271
 1287
  155
  166
  721
  901
  963
 1923
 1953
 1170
 1473
 1783
 1503
   94
 1133
 1932
  101
 1417
  284
  965
   97
 2072
  222
  517
 1513
 1315
 1249
 1139
  457
  288
 1603
 1899
 1074
 1965
 1339
  586
 1757
 1430
  496
  697
   74
  572
 1921
 1433
 1345
  110
 1411
 1738
 1267
 1774
  949
  256
 1443
 1180
 1081
  736
 1108
 1032
   29
  700
 1602
 1984
  460
  800
 1698
  377
 1911
    2
  626
  602
 1341
 1455
 1496
 1597
  282
 1487
  640
 2039
  414
 1673
  865
  643
  279
 1772
 1212
  916
  237
 1082
  707
  217
 1625
    3
  742
 1833
 1722
 2029
 1957
 1125
 1448
 2071
 1690
 1228
  218
 1854
  123
   99
 1043
 1023
 1514
  984
 1304
  142
  514
 1266
 1873
  895
 1277
  539
   92
 1763
 1014
  897
 1848
  108
  610
 1955
 1764
 1387
  564
 1146
 1263
 1887
  143
  941
  685
 1352
  345
  554
   54
  527
 1992
 2074
   35
 1318
 1193
 1445
 1105
  583
  555
 1998
  161
  502
 1680
 1408
  862
   79
  891
  299
 1962
  553
  459
  506
  684
 1605
 1771
 1539
 1639
 1475
 1012
 1495
 1926
 1894
 1386
  401
  713
  200
  575
 1157
  752
   67
  624
  164
 1225
  786
 1701
  889
 1840
  801
 2002
  515
 1465
 2090
 1420
 1733
 1207
   14
  615
 1135
  383
  562
 1236
 1787
 1813
  829
 2099
  174
  128
  992
  261
  270
  939
   68
  478
  890
 1843
   90
  483
 1084
 1632
 1554
  153
  139
  607
 1756
  766
 1531
 1969
  351
 1039
 1900
 1251
  988
 2080
  958
 1234
 1820
 2081
  991
  645
 1036
  291
  326
 1609
 1357
  550
 1284
  730
 1515
 1394
 1070
  794
  431
  149
  428
 2104
 1621
   16
 1529
  306
 1130
  983
  474
 1185
  209
 1713
  594
 1285
  570
   80
  173
  636
 2092
  228
  797
 1381
 1990
  287
  356
 1294
  979
  436
  818
  305
   24
  137
 1871
  403
 1401
  715
  789
  650
 1692
  877
 1327
 1595
 1244
 1384
 1993
 1056
  744
 1174
 1066
  469
 1583
  599
  301
  872
 2027
 2023
 1334
  399
 2025
 1624
 1015
 1925
 1429
 1413
  369
 2001
  606
 1198
  353
 1296
 1409
    7
 1615
 1264
 1326
 1252
  596
  295
 1657
  629
  719
 1224
  577
 1378
 1499
   89
  968
  792
 1545
 1807
  171
  513
 1329
 2088
 1250
  378
  412
  737
  729
 1080
 2000
  644
 1590
  971
 1319
  851
 1159
 1596
 1648
  820
  933
 1910
  445
  781
  731
 2012
 1137
  260
  444
 1526
 1938
  585
 1325
 1045
  682
  777
  694
 1858
 1937
